##FastQC	0.10.1
>>Basic Statistics	pass
#Measure	Value	
Filename	SRR1976948_2.qc.fq.gz	
File type	Conventional base calls	
Encoding	Sanger / Illumina 1.9	
Total Sequences	885734	
Filtered Sequences	0	
Sequence length	25-251	
%GC	45	
>>END_MODULE
>>Per base sequence quality	fail
#Base	Mean	Median	Lower Quartile	Upper Quartile	10th Percentile	90th Percentile
1	29.142479570616008	30.0	30.0	30.0	27.0	32.0
2	29.389472460129113	30.0	30.0	32.0	28.0	32.0
3	29.473550749999436	30.0	30.0	32.0	28.0	32.0
4	29.502699456044365	30.0	30.0	32.0	28.0	32.0
5	29.508457392399976	30.0	30.0	32.0	28.0	32.0
6	31.10012938421693	33.0	31.0	33.0	29.0	33.0
7	31.11126703954009	33.0	31.0	33.0	29.0	33.0
8	31.094882888090556	33.0	31.0	33.0	29.0	33.0
9	33.148048962781154	35.0	33.0	35.0	31.0	35.0
10-14	33.14146165778891	35.0	33.0	35.0	30.8	35.0
15-19	34.6288928730296	36.8	35.4	36.8	32.0	36.8
20-24	36.14157501010461	37.8	37.0	38.8	33.2	38.8
25-29	36.85782280703465	39.0	37.0	40.0	33.0	40.0
30-34	36.8706303814038	39.0	37.0	40.0	33.4	40.0
35-39	36.641256663018325	39.0	37.0	40.0	32.4	40.0
40-44	36.22513416644253	39.0	36.6	39.6	31.6	40.0
45-49	35.73314997670893	39.0	36.0	39.0	30.0	40.0
50-59	35.30641136546173	38.9	35.7	39.0	28.6	40.0
60-69	34.815135899658586	38.1	35.1	39.0	27.0	40.0
70-79	34.71528849260056	38.2	35.1	39.0	26.0	40.0
80-89	34.03299277213118	37.8	34.8	39.0	21.6	40.0
90-99	33.13573847391746	37.0	33.9	39.0	16.0	39.3
100-109	32.15134133132128	36.8	32.4	38.9	10.6	39.0
110-119	31.046403047776312	36.0	30.2	38.0	7.7	39.0
120-129	29.9387725963251	35.8	28.1	38.0	2.4	38.7
130-139	29.845757708766076	35.9	28.5	37.9	2.0	38.0
140-149	29.121284532508383	35.6	26.4	38.0	2.0	38.0
150-159	28.138045797300094	34.4	24.6	37.0	2.0	38.0
160-169	27.006223372877024	34.0	21.3	36.1	2.0	38.0
170-179	25.816866467455316	33.6	13.9	36.0	2.0	38.0
180-189	24.517262597086003	31.2	8.9	36.0	2.0	38.0
190-199	23.25291332598853	30.0	4.4	36.0	2.0	38.0
200-209	21.862177907196628	28.2	2.0	35.6	2.0	37.8
210-219	20.360273657923184	25.0	2.0	34.0	2.0	36.3
220-229	18.687917619248307	22.6	2.0	34.0	2.0	36.0
230-239	16.95500119791251	12.6	2.0	33.8	2.0	36.0
240-249	14.411291388206951	3.8	2.0	30.6	2.0	36.0
250-251	10.251389837329405	2.0	2.0	16.0	2.0	35.0
>>END_MODULE
>>Per sequence quality scores	pass
#Quality	Count
2	11879.0
3	1896.0
4	2620.0
5	3592.0
6	4377.0
7	5201.0
8	6067.0
9	7341.0
10	8088.0
11	8660.0
12	9127.0
13	9274.0
14	9346.0
15	9605.0
16	9976.0
17	10529.0
18	11943.0
19	13012.0
20	14350.0
21	15834.0
22	17408.0
23	19045.0
24	20931.0
25	22646.0
26	24821.0
27	27157.0
28	30251.0
29	33738.0
30	37979.0
31	43566.0
32	51513.0
33	61938.0
34	76129.0
35	92047.0
36	97116.0
37	50636.0
38	6095.0
39	1.0
>>END_MODULE
>>Per base sequence content	warn
#Base	G	A	T	C
1	18.468976013114546	32.91281581151904	24.47777775268873	24.14043042267769
2	23.602797228061696	32.00407797374832	28.78685926022937	15.606265537960606
3	19.636482284749146	28.962758570857616	29.79946575382677	21.601293390566468
4	20.314586901470307	28.321966100393688	28.572718866746527	22.790728131389482
5	21.313307734949472	28.765779303695354	28.73427996924581	21.18663299210936
6	21.480513879464805	27.723817448373268	28.41352868189398	22.382139990267945
7	22.41130732155619	28.01145273882359	28.152466843621117	21.424773095999107
8	20.506159333159466	27.970519199439103	29.66403945224781	21.85928201515362
9	21.026907287729138	27.101708463737484	29.73304971841736	22.13833453011602
10-14	21.701314287585227	28.097122476790254	28.36905728288739	21.83250595273713
15-19	21.916771382668966	27.954261405012144	28.067185335469425	22.061781876849466
20-24	21.977559702301384	27.83782380143791	28.116667870949097	22.067948625311608
25-29	21.997219886392887	27.78201037078117	28.01865421907982	22.202115523746127
30-34	22.145804552514054	27.686828256242514	27.789976303948936	22.3773908872945
35-39	22.174667879340053	27.722716373326634	27.744736919964687	22.357878827368626
40-44	22.282149055570237	27.699776436765113	27.71019838552484	22.307876122139813
45-49	22.280283241912098	27.59553445643423	27.662548810936094	22.461633490717585
50-59	22.308147616282902	27.666725144194615	27.59288736809613	22.43223987142635
60-69	22.32294084542887	27.612206343903413	27.579567668306826	22.48528514236089
70-79	22.37123222249113	27.605432310895235	27.575228142266955	22.44810732434668
80-89	22.4040633333424	27.598158157450197	27.539730682777463	22.458047826429937
90-99	22.42578105184747	27.54165490695672	27.519162511190874	22.513401530004938
100-109	22.500140963938698	27.511124783097422	27.435163409035518	22.553570843928362
110-119	22.588565639410703	27.47275256120969	27.379462315992708	22.559219483386897
120-129	22.666011203397446	27.385438095548047	27.288591684637666	22.659959016416842
130-139	22.611034859869452	27.438459752396415	27.31221013651491	22.63829525121922
140-149	22.681610640163026	27.393833429140795	27.28096588618992	22.643590044506258
150-159	22.759047360101754	27.281321861592556	27.224811863758486	22.734818914547205
160-169	22.896109904544367	27.209222678812345	27.088545462864833	22.806121953778455
170-179	23.07441275531592	27.105636103441793	26.94018705098368	22.879764090258607
180-189	23.250507436678717	26.907637443997462	26.84342633090574	22.998428788418078
190-199	23.456449021399838	26.750591142506043	26.676739547534893	23.116220288559227
200-209	23.71689277252076	26.560322502024665	26.4753317290322	23.24745299642238
210-219	24.03449003797043	26.31108392103706	26.28718458665378	23.367241454338732
220-229	24.422793360231296	26.039934907859436	26.0364279877686	23.500843744140663
230-239	24.832923033832056	25.743753204560633	25.809239088290205	23.614084673317105
240-249	25.302947759039014	25.487380181136132	25.504764398142086	23.704907661682768
250-251	27.92505700711076	23.954570386188788	24.47723451367157	23.643138093028888
>>END_MODULE
>>Per base GC content	warn
#Base	%GC
1	42.60940643579224
2	39.209062766022306
3	41.23777567531561
4	43.10531503285979
5	42.499940727058835
6	43.86265386973275
7	43.836080417555294
8	42.365441348313084
9	43.16524181784516
10-14	43.533820240322356
15-19	43.978553259518435
20-24	44.04550832761299
25-29	44.199335410139014
30-34	44.52319543980855
35-39	44.53254670670867
40-44	44.590025177710054
45-49	44.74191673262968
50-59	44.740387487709256
60-69	44.80822598778976
70-79	44.81933954683781
80-89	44.86211115977234
90-99	44.93918258185241
100-109	45.05371180786706
110-119	45.1477851227976
120-129	45.32597021981429
130-139	45.24933011108867
140-149	45.325200684669284
150-159	45.49386627464896
160-169	45.702231858322826
170-179	45.95417684557452
180-189	46.24893622509679
190-199	46.57266930995906
200-209	46.96434576894314
210-219	47.40173149230916
220-229	47.923637104371956
230-239	48.44700770714916
240-249	49.00785542072178
250-251	51.56819510013965
>>END_MODULE
>>Per sequence GC content	fail
#GC Content	Count
0	0.0
1	0.0
2	0.0
3	0.0
4	0.6666666666666666
5	1.3333333333333333
6	1.6666666666666665
7	1.9999999999999998
8	4.499999999999999
9	9.0
10	14.16666666666667
11	15.500000000000002
12	23.333333333333314
13	41.50000000000003
14	66.50000000000007
15	118.33333333333299
16	171.16666666666725
17	272.16666666666794
18	418.499999999995
19	602.833333333333
20	866.6666666666912
21	1275.6666666666542
22	1919.6666666665315
23	2808.833333333497
24	3745.166666667198
25	5096.166666666477
26	6629.8333333318205
27	8127.499999997296
28	9600.833333333005
29	10985.333333335417
30	12280.16666667102
31	13193.666666672632
32	13687.000000006663
33	13804.166666673522
34	13711.666666673364
35	13274.3333333394
36	12569.000000004804
37	12140.833333337407
38	11577.166666669775
39	11084.000000002256
40	10798.000000001755
41	10662.666666668194
42	10647.000000001508
43	10713.166666668292
44	10864.333333335218
45	10914.16666666864
46	11000.000000002135
47	11025.666666668838
48	10786.00000000175
49	10617.00000000145
50	10336.333333334296
51	9967.666666666975
52	9695.999999999853
53	9557.333333332936
54	9498.99999999949
55	9463.99999999943
56	9448.66666666606
57	9436.166666666033
58	9428.499999999352
59	9438.166666666046
60	9119.66666666547
61	8761.999999998161
62	8083.666666663924
63	7365.8333333312285
64	6462.1666666652845
65	5691.999999999283
66	4873.166666666682
67	4126.166666667338
68	3390.1666666670726
69	2807.5000000001655
70	2264.8333333332544
71	1809.9999999998727
72	1440.333333333284
73	1187.0000000000073
74	1004.3333333333748
75	807.1666666666885
76	627.6666666666687
77	477.6666666666573
78	408.3333333333278
79	309.1666666666665
80	258.50000000000273
81	229.83333333333545
82	181.83333333333414
83	140.1666666666663
84	108.83333333333287
85	94.83333333333307
86	75.66666666666666
87	51.83333333333343
88	44.00000000000004
89	29.99999999999996
90	25.166666666666647
91	16.166666666666675
92	10.333333333333334
93	6.333333333333331
94	3.666666666666667
95	4.999999999999999
96	3.3333333333333335
97	3.3333333333333335
98	3.666666666666667
99	3.3333333333333335
100	15.5
>>END_MODULE
>>Per base N content	pass
#Base	N-Count
1	0.0
2	0.0
3	0.0
4	1.1290071285510096E-4
5	1.1290071285510096E-4
6	1.1290071285510096E-4
7	7.903049899857067E-4
8	5.645035642755048E-4
9	0.002935418534232625
10-14	7.903049899857067E-4
15-19	5.645035642755048E-4
20-24	6.774042771306057E-4
25-29	0.0015580315964291722
30-34	9.483749820486163E-4
35-39	0.0017841970729230703
40-44	0.009833192880677934
45-49	0.0038886709675669015
50-59	0.009330649725373532
60-69	0.008897577674098484
70-79	0.006885215641443336
80-89	0.006777354388314299
90-99	4.879759325730744E-4
100-109	0.001841591735481948
110-119	0.002084718398972724
120-129	0.0011304900708714503
130-139	0.0011449004302993779
140-149	7.234310474328475E-4
150-159	1.1520883329166614E-4
160-169	0.0019180422842820595
170-179	8.326156841435398E-4
180-189	5.899382901413677E-4
190-199	8.330362749116894E-4
200-209	0.0020252020775564446
210-219	2.3147049734908412E-5
220-229	6.134179032149232E-4
230-239	0.0
240-249	1.1574044603127167E-5
250-251	0.0
>>END_MODULE
>>Sequence Length Distribution	warn
#Length	Count
25-29	6.0
30-34	7.0
35-39	878.0
40-44	209.0
45-49	29.0
50-54	29.0
55-59	1097.0
60-64	105.0
65-69	130.0
70-74	199.0
75-79	307.0
80-84	413.0
85-89	550.0
90-94	640.0
95-99	734.0
100-104	796.0
105-109	912.0
110-114	941.0
115-119	1057.0
120-124	1055.0
125-129	1145.0
130-134	1161.0
135-139	1261.0
140-144	1365.0
145-149	1387.0
150-154	1472.0
155-159	1459.0
160-164	1147.0
165-169	358.0
170-174	162.0
175-179	119.0
180-184	126.0
185-189	81.0
190-194	91.0
195-199	105.0
200-204	101.0
205-209	41.0
210-214	21.0
215-219	14.0
220-224	15.0
225-229	6.0
230-234	0.0
235-239	0.0
240-244	1.0
245-249	13.0
250-252	863989.0
>>END_MODULE
>>Sequence Duplication Levels	pass
#Total Duplicate Percentage	3.172121187976803
#Duplication Level	Relative count
1	100.0
2	2.675862210839222
3	0.16354491313605085
4	0.01491447321052036
5	0.0020571687186924635
6	0.0010285843593462317
7	5.142921796731159E-4
8	0.0
9	0.0
10++	5.142921796731159E-4
>>END_MODULE
>>Overrepresented sequences	pass
>>END_MODULE
>>Kmer Content	fail
#Sequence	Count	Obs/Exp Overall	Obs/Exp Max	Max Obs/Exp Position
GGGGG	969175	7.0998063	23.53317	240-247
CCCCC	636780	4.858185	11.976006	240-247
TTTTT	1207440	3.7843487	4.55828	8
AAAAA	1203730	3.7490988	4.52956	1
CGGGG	445125	3.2874136	8.125327	240-247
CCGGG	422355	3.1446915	6.4918547	240-247
CCCGG	401700	3.0152986	5.631115	240-247
GGCGG	391565	2.891853	5.644223	240-247
GGGGC	376095	2.7776012	6.6182013	240-247
CCCCG	353915	2.6782773	5.4263625	240-247
GCCCC	317805	2.4050121	5.037329	240-247
GCGGG	306615	2.2644656	5.1053047	240-247
>>END_MODULE
