##FastQC	0.11.2
>>Basic Statistics	pass
#Measure	Value
Filename	SRR1976948_2.qc.fq.gz
File type	Conventional base calls
Encoding	Sanger / Illumina 1.9
Total Sequences	885734
Sequences flagged as poor quality	0
Sequence length	25-251
%GC	45
>>END_MODULE
>>Per base sequence quality	fail
#Base	Mean	Median	Lower Quartile	Upper Quartile	10th Percentile	90th Percentile
1	29.142479570616008	30.0	30.0	30.0	27.0	32.0
2	29.389472460129113	30.0	30.0	32.0	28.0	32.0
3	29.473550749999436	30.0	30.0	32.0	28.0	32.0
4	29.502699456044365	30.0	30.0	32.0	28.0	32.0
5	29.508457392399976	30.0	30.0	32.0	28.0	32.0
6	31.10012938421693	33.0	31.0	33.0	29.0	33.0
7	31.11126703954009	33.0	31.0	33.0	29.0	33.0
8	31.094882888090556	33.0	31.0	33.0	29.0	33.0
9	33.148048962781154	35.0	33.0	35.0	31.0	35.0
10-14	33.14146165778891	35.0	33.0	35.0	30.8	35.0
15-19	34.6288928730296	36.8	35.4	36.8	32.0	36.8
20-24	36.14157501010461	37.8	37.0	38.8	33.2	38.8
25-29	36.85782280703465	39.0	37.0	40.0	33.0	40.0
30-34	36.8706303814038	39.0	37.0	40.0	33.4	40.0
35-39	36.641256663018325	39.0	37.0	40.0	32.4	40.0
40-44	36.22513416644253	39.0	36.6	39.6	31.6	40.0
45-49	35.73314997670893	39.0	36.0	39.0	30.0	40.0
50-54	35.444148710384106	39.0	36.0	39.0	29.0	40.0
55-59	35.168674020539356	38.8	35.4	39.0	28.2	40.0
60-64	34.85211554556736	38.0	35.0	39.0	27.2	40.0
65-69	34.77815625374982	38.2	35.2	39.0	26.8	40.0
70-74	34.83821863633969	38.4	35.2	39.0	26.6	40.0
75-79	34.592358348861424	38.0	35.0	39.0	25.4	40.0
80-84	34.260397470819846	38.0	35.0	39.0	22.6	40.0
85-89	33.80558807344252	37.6	34.6	39.0	20.6	40.0
90-94	33.36595920153243	37.0	34.0	39.0	18.0	39.6
95-99	32.90551774630249	37.0	33.8	39.0	14.0	39.0
100-104	32.41485520266127	37.0	32.8	39.0	11.6	39.0
105-109	31.88782745998128	36.6	32.0	38.8	9.6	39.0
110-114	31.29382134906148	36.0	30.4	38.0	8.6	39.0
115-119	30.79898474649114	36.0	30.0	38.0	6.8	39.0
120-124	30.235341705347487	36.0	29.0	38.0	2.8	39.0
125-129	29.64220348730272	35.6	27.2	38.0	2.0	38.4
130-134	29.861507002220424	35.8	28.4	37.8	2.0	38.0
135-139	29.83000841531173	36.0	28.6	38.0	2.0	38.0
140-144	29.385714886789838	36.0	27.4	38.0	2.0	38.0
145-149	28.85685417822693	35.2	25.4	38.0	2.0	38.0
150-154	28.382411139041455	34.8	25.0	37.0	2.0	38.0
155-159	27.89368045555874	34.0	24.2	37.0	2.0	38.0
160-164	27.296310040484208	34.0	23.0	36.2	2.0	38.0
165-169	26.71613670526984	34.0	19.6	36.0	2.0	38.0
170-174	26.11340401468138	34.0	15.6	36.0	2.0	38.0
175-179	25.520328920229264	33.2	12.2	36.0	2.0	38.0
180-184	24.861942062148344	32.0	9.0	36.0	2.0	38.0
185-189	24.172583132023654	30.4	8.8	36.0	2.0	38.0
190-194	23.569898528745263	30.0	6.8	36.0	2.0	38.0
195-199	22.935928123231797	30.0	2.0	36.0	2.0	38.0
200-204	22.19906662258512	29.8	2.0	36.0	2.0	38.0
205-209	21.525289191808127	26.6	2.0	35.2	2.0	37.6
210-214	20.76185288092214	25.0	2.0	34.0	2.0	36.6
215-219	19.95869443492423	25.0	2.0	34.0	2.0	36.0
220-224	19.10657270491307	24.2	2.0	34.0	2.0	36.0
225-229	18.269262533583547	21.0	2.0	34.0	2.0	36.0
230-234	17.426577685494145	15.4	2.0	34.0	2.0	36.0
235-239	16.483424710330866	9.8	2.0	33.6	2.0	36.0
240-244	15.257725519139033	5.6	2.0	31.2	2.0	36.0
245-249	13.564857257274866	2.0	2.0	30.0	2.0	36.0
250-251	10.251389837329405	2.0	2.0	16.0	2.0	35.0
>>END_MODULE
>>Per sequence quality scores	pass
#Quality	Count
2	11879.0
3	1896.0
4	2620.0
5	3592.0
6	4377.0
7	5201.0
8	6067.0
9	7341.0
10	8088.0
11	8660.0
12	9127.0
13	9274.0
14	9346.0
15	9605.0
16	9976.0
17	10529.0
18	11943.0
19	13012.0
20	14350.0
21	15834.0
22	17408.0
23	19045.0
24	20931.0
25	22646.0
26	24821.0
27	27157.0
28	30251.0
29	33738.0
30	37979.0
31	43566.0
32	51513.0
33	61938.0
34	76129.0
35	92047.0
36	97116.0
37	50636.0
38	6095.0
39	1.0
>>END_MODULE
>>Per base sequence content	warn
#Base	G	A	T	C
1	18.468976013114546	32.91281581151904	24.47777775268873	24.14043042267769
2	23.602797228061696	32.00407797374832	28.78685926022937	15.606265537960606
3	19.636482284749146	28.962758570857616	29.79946575382677	21.601293390566468
4	20.314586901470307	28.321966100393688	28.572718866746527	22.790728131389482
5	21.313307734949472	28.765779303695354	28.73427996924581	21.18663299210936
6	21.480513879464805	27.723817448373268	28.41352868189398	22.382139990267945
7	22.41130732155619	28.01145273882359	28.152466843621117	21.424773095999107
8	20.506159333159466	27.970519199439103	29.66403945224781	21.85928201515362
9	21.026907287729138	27.101708463737484	29.73304971841736	22.13833453011602
10-14	21.701314287585227	28.097122476790254	28.36905728288739	21.83250595273713
15-19	21.916771382668966	27.954261405012144	28.067185335469425	22.061781876849466
20-24	21.977559702301384	27.83782380143791	28.116667870949097	22.067948625311608
25-29	21.997219886392887	27.78201037078117	28.01865421907982	22.202115523746127
30-34	22.145804552514054	27.686828256242514	27.789976303948936	22.3773908872945
35-39	22.174667879340053	27.722716373326634	27.744736919964687	22.357878827368626
40-44	22.282149055570237	27.699776436765113	27.71019838552484	22.307876122139813
45-49	22.280283241912098	27.59553445643423	27.662548810936094	22.461633490717585
50-54	22.309013234574266	27.62778141416745	27.61521043391361	22.447994917344673
55-59	22.30728106401866	27.705710893190265	27.5705402164451	22.41646782634597
60-64	22.321953967374558	27.609250901740356	27.57956835555298	22.489226775332106
65-69	22.323927811750085	27.615162050402798	27.57956698099921	22.481343156847906
70-74	22.366104902204338	27.629603678980132	27.592396285239175	22.411895133576355
75-79	22.376361483766406	27.58125179254383	27.558053500155637	22.484333223534122
80-84	22.361646311671194	27.60168659561681	27.576803735420413	22.459863357291585
85-89	22.44650389957163	27.59462776074162	27.502637051871243	22.456231287815505
90-94	22.395922193706237	27.543274623474023	27.526462997179458	22.534340185640282
95-99	22.45566337428134	27.54003391760098	27.511856288186536	22.49244641993114
100-104	22.488216819609395	27.577914433884654	27.45587840939564	22.477990337110317
105-109	22.512076239765108	27.44427278244389	27.414429070686836	22.629221907104167
110-114	22.58082806928055	27.496527319181496	27.385424304666827	22.537220306871124
115-119	22.596311780458542	27.4489514679039	27.373493723215063	22.58124302842249
120-124	22.651145837351283	27.390131102499417	27.319582569970517	22.63914049017878
125-129	22.680895583511436	27.380739085841533	27.25756115932596	22.68080417132107
130-134	22.660642512845566	27.464489489575385	27.2986383871621	22.576229610416952
135-139	22.56135802602095	27.412393715174655	27.32580081249302	22.70044744631137
140-144	22.649793305455844	27.382609569679722	27.301349951510428	22.666247173354005
145-149	22.713477981060954	27.405074928748736	27.26054978394778	22.62089730624253
150-154	22.732551045544437	27.28639606599949	27.24781118270955	22.733241705746522
155-159	22.785589258822796	27.276238927542718	27.20177297686228	22.736398836772203
160-164	22.85794338727463	27.28868627857696	27.11128932934252	22.742081004805886
165-169	22.93431221270234	27.129684561564293	27.065780268185325	22.870222957548037
170-174	23.05263861423118	27.126856671343592	26.976697180364145	22.84380753406109
175-179	23.096190739216702	27.0844117904215	26.90367047810171	22.91572699226009
180-184	23.191733002061195	26.942395199330054	26.86459714115848	23.001274657450267
185-189	23.30928920077803	26.872875354189578	26.822252880541374	22.99558256449102
190-194	23.403831932524223	26.82051965529082	26.734930079865094	23.040718332319866
195-199	23.50907301431702	26.680653454197323	26.61854137985537	23.191732151630294
200-204	23.65014808306724	26.587854133318274	26.52705166103929	23.23494612257519
205-209	23.783639902879138	26.53278986387803	26.423609905587224	23.259960327655605
210-214	23.936670331578032	26.36349748278456	26.36905271685666	23.33077946878074
215-219	24.132311827484088	26.258669243115644	26.205314713026702	23.403704216373566
220-224	24.326146129699293	26.14453249148908	26.092449628348263	23.436871750463364
225-229	24.519440993458133	25.935336888408646	25.980406113766573	23.564816004366644
230-234	24.669104158203154	25.83173901016547	25.880558285098548	23.618598546532823
235-239	24.99674190946096	25.655767398955792	25.73791989148186	23.60957080010139
240-244	25.175329414670472	25.471254587083227	25.616369958317236	23.737046039929066
245-249	25.43056613294877	25.50350577892181	25.393158812132377	23.672769275997048
250-251	27.92505700711076	23.954570386188788	24.47723451367157	23.643138093028888
>>END_MODULE
>>Per sequence GC content	fail
#GC Content	Count
0	0.0
1	0.0
2	0.0
3	0.0
4	0.6666666666666666
5	1.3333333333333333
6	1.6666666666666665
7	1.9999999999999998
8	4.499999999999999
9	9.0
10	14.16666666666667
11	15.500000000000002
12	23.333333333333314
13	41.50000000000003
14	66.50000000000007
15	118.33333333333299
16	171.16666666666725
17	272.16666666666794
18	418.499999999995
19	602.833333333333
20	866.6666666666912
21	1275.6666666666542
22	1919.6666666665315
23	2808.833333333497
24	3745.166666667198
25	5096.166666666477
26	6629.8333333318205
27	8127.499999997296
28	9600.833333333005
29	10985.333333335417
30	12280.16666667102
31	13193.666666672632
32	13687.000000006663
33	13804.166666673522
34	13711.666666673364
35	13274.3333333394
36	12569.000000004804
37	12140.833333337407
38	11577.166666669775
39	11084.000000002256
40	10798.000000001755
41	10662.666666668194
42	10647.000000001508
43	10713.166666668292
44	10864.333333335218
45	10914.16666666864
46	11000.000000002135
47	11025.666666668838
48	10786.00000000175
49	10617.00000000145
50	10336.333333334296
51	9967.666666666975
52	9695.999999999853
53	9557.333333332936
54	9498.99999999949
55	9463.99999999943
56	9448.66666666606
57	9436.166666666033
58	9428.499999999352
59	9438.166666666046
60	9119.66666666547
61	8761.999999998161
62	8083.666666663924
63	7365.8333333312285
64	6462.1666666652845
65	5691.999999999283
66	4873.166666666682
67	4126.166666667338
68	3390.1666666670726
69	2807.5000000001655
70	2264.8333333332544
71	1809.9999999998727
72	1440.333333333284
73	1187.0000000000073
74	1004.3333333333748
75	807.1666666666885
76	627.6666666666687
77	477.6666666666573
78	408.3333333333278
79	309.1666666666665
80	258.50000000000273
81	229.83333333333545
82	181.83333333333414
83	140.1666666666663
84	108.83333333333287
85	94.83333333333307
86	75.66666666666666
87	51.83333333333343
88	44.00000000000004
89	29.99999999999996
90	25.166666666666647
91	16.166666666666675
92	10.333333333333334
93	6.333333333333331
94	3.666666666666667
95	4.999999999999999
96	3.3333333333333335
97	3.3333333333333335
98	3.666666666666667
99	3.3333333333333335
100	15.5
>>END_MODULE
>>Per base N content	pass
#Base	N-Count
1	0.0
2	0.0
3	0.0
4	1.1290071285510096E-4
5	1.1290071285510096E-4
6	1.1290071285510096E-4
7	7.903049899857067E-4
8	5.645035642755048E-4
9	0.002935418534232625
10-14	7.903049899857067E-4
15-19	5.645035642755048E-4
20-24	6.774042771306057E-4
25-29	0.0015580315964291722
30-34	9.483749820486163E-4
35-39	0.0017841970729230703
40-44	0.009833192880677934
45-49	0.0038886709675669015
50-54	0.0018539591183926987
55-59	0.016814287663721488
60-64	0.011092932285345535
65-69	0.00670193029177397
70-74	0.0016304861045218586
75-79	0.01214138186140975
80-84	0.004985388280167944
85-89	0.008570250890693932
90-94	3.4031516360424614E-4
95-99	6.357523027288987E-4
100-104	0.002545193084710389
105-109	0.0011373236409096224
110-114	0.003666105669006219
115-119	5.015293224817585E-4
120-124	0.0010498862585180582
125-129	0.0012111968521679396
130-134	6.864650823815305E-4
135-139	0.001603970881970886
140-144	7.113895066376083E-4
145-149	7.354915105892391E-4
150-154	1.1510990117814984E-4
155-159	1.1530793560743643E-4
160-164	0.003187499826766314
165-169	6.473620228768491E-4
170-174	3.4689427864953594E-4
175-179	0.001318418092582094
180-184	2.082013279080694E-4
185-189	9.717199419836921E-4
190-194	5.784609375741153E-4
195-199	0.0010876437193897716
200-204	0.003517948480570278
205-209	5.323565131389059E-4
210-214	2.314680327601336E-5
215-219	2.3147296199051933E-5
220-224	0.0012268257250077081
225-229	0.0
230-234	0.0
235-239	0.0
240-244	2.3148083847915237E-5
245-249	0.0
250-251	0.0
>>END_MODULE
>>Sequence Length Distribution	warn
#Length	Count
25-29	6.0
30-34	7.0
35-39	878.0
40-44	209.0
45-49	29.0
50-54	29.0
55-59	1097.0
60-64	105.0
65-69	130.0
70-74	199.0
75-79	307.0
80-84	413.0
85-89	550.0
90-94	640.0
95-99	734.0
100-104	796.0
105-109	912.0
110-114	941.0
115-119	1057.0
120-124	1055.0
125-129	1145.0
130-134	1161.0
135-139	1261.0
140-144	1365.0
145-149	1387.0
150-154	1472.0
155-159	1459.0
160-164	1147.0
165-169	358.0
170-174	162.0
175-179	119.0
180-184	126.0
185-189	81.0
190-194	91.0
195-199	105.0
200-204	101.0
205-209	41.0
210-214	21.0
215-219	14.0
220-224	15.0
225-229	6.0
230-234	0.0
235-239	0.0
240-244	1.0
245-249	13.0
250-252	863989.0
>>END_MODULE
>>Sequence Duplication Levels	pass
#Total Deduplicated Percentage	98.35638810141079
#Duplication Level	Percentage of deduplicated	Percentage of total
1	98.42727622351123	96.80951380004433
2	1.4934452996555214	2.9377977100229242
3	0.06838560504506087	0.2017848333108541
4	0.0064401428453040865	0.0253371675648501
5	0.0025876887929822856	0.012725786160411846
6	0.0	0.0
7	0.0018650401499078388	0.012840702896633414
8	0.0	0.0
9	0.0	0.0
>10	0.0	0.0
>50	0.0	0.0
>100	0.0	0.0
>500	0.0	0.0
>1k	0.0	0.0
>5k	0.0	0.0
>10k+	0.0	0.0
>>END_MODULE
>>Overrepresented sequences	pass
>>END_MODULE
>>Adapter Content	pass
#Position	Illumina Universal Adapter	Illumina Small RNA Adapter	Nextera Transposase Sequence
1	0.0	0.0	0.0
2	0.0	0.0	0.0
3	0.0	1.1290071285510096E-4	0.0
4	0.0	1.1290071285510096E-4	1.1290071285510096E-4
5	1.1290071285510096E-4	1.1290071285510096E-4	1.1290071285510096E-4
6	1.1290071285510096E-4	1.1290071285510096E-4	1.1290071285510096E-4
7	1.1290071285510096E-4	1.1290071285510096E-4	1.1290071285510096E-4
8	1.1290071285510096E-4	1.1290071285510096E-4	1.1290071285510096E-4
9	1.1290071285510096E-4	1.1290071285510096E-4	2.2580142571020193E-4
10-14	1.5806099799714138E-4	1.1290071285510096E-4	2.2580142571020193E-4
15-19	2.2580142571020193E-4	1.1290071285510096E-4	2.2580142571020193E-4
20-24	2.2580142571020193E-4	1.8064114056816154E-4	2.709617108522423E-4
25-29	2.2580142571020193E-4	2.709617108522423E-4	3.387021385653029E-4
30-34	3.8386242370734336E-4	3.387021385653029E-4	3.612822811363231E-4
35-39	4.5160285142040386E-4	3.387021385653029E-4	4.5160285142040386E-4
40-44	5.419234217044846E-4	3.387021385653029E-4	4.5160285142040386E-4
45-49	6.322439919885654E-4	4.290227088493837E-4	4.5160285142040386E-4
50-54	8.354652751277472E-4	5.645035642755048E-4	4.5160285142040386E-4
55-59	0.001061266700837949	6.774042771306058E-4	4.5160285142040386E-4
60-64	0.0011515872711220297	6.99984419701626E-4	4.5160285142040386E-4
65-69	0.0014225489819742723	8.806255602697877E-4	4.967631365624442E-4
70-74	0.002009632688820797	0.0010161064156959088	5.645035642755048E-4
75-79	0.0027999376788065042	0.0010161064156959088	5.645035642755048E-4
80-84	0.0037257235242183313	0.0010161064156959088	5.645035642755048E-4
85-89	0.004832150510198321	0.0010161064156959088	5.645035642755048E-4
90-94	0.006209539207030553	0.0010161064156959088	5.645035642755048E-4
95-99	0.008083691040425228	0.0010161064156959088	5.645035642755048E-4
100-104	0.010973949289515814	0.0010161064156959088	5.645035642755048E-4
105-109	0.013638406112896195	0.0010161064156959088	5.645035642755048E-4
110-114	0.016822206215410043	0.0010161064156959088	5.645035642755048E-4
115-119	0.019712464464500628	0.0010161064156959088	5.645035642755048E-4
120-124	0.0231446461352957	0.0010161064156959088	5.645035642755048E-4
125-129	0.027954216502923002	0.0010161064156959088	5.645035642755048E-4
130-134	0.034231496137666614	0.0010161064156959088	5.645035642755048E-4
135-139	0.040937798481259606	0.0010161064156959088	5.645035642755048E-4
140-144	0.04960857322853137	0.0010161064156959088	6.322439919885654E-4
145-149	0.06062768280318922	0.0010161064156959088	6.774042771306058E-4
150-154	0.07266289879354297	0.0010161064156959088	6.774042771306058E-4
155-159	0.08481101549675184	0.0010161064156959088	6.774042771306058E-4
160-164	0.10059453515389497	0.0010161064156959088	6.774042771306058E-4
165-169	0.11786834422072541	0.0010161064156959088	6.774042771306058E-4
170-174	0.13069386520106488	0.0011064269859799897	6.774042771306058E-4
175-179	0.13712920583380564	0.0012419078414061106	6.774042771306058E-4
180-184	0.14108073078373418	0.0012419078414061106	6.774042771306058E-4
185-189	0.14428711102881903	0.001309648269119171	6.774042771306058E-4
190-194	0.14670318628391818	0.0013999688394032521	6.774042771306058E-4
195-199	0.14841927711931574	0.0014902894096873328	6.774042771306058E-4
200-204	0.1499321466715741	0.0015806099799714137	6.774042771306058E-4
205-209	0.15110631408526715	0.001648350407684474	6.774042771306058E-4
210-214	0.15293530563351976	0.0016935106928265143	6.774042771306058E-4
215-219	0.1539739921917867	0.001738670977968555	6.774042771306058E-4
220-224	0.15494493832234055	0.0018064114056816154	6.774042771306058E-4
225-229	0.15598362488060752	0.0018967319759656963	6.774042771306058E-4
230-234	0.1579932575694283	0.0019193121185367167	6.774042771306058E-4
235-239	0.16038675268195643	0.0019193121185367167	6.774042771306058E-4
>>END_MODULE
>>Kmer Content	fail
#Sequence	Count	PValue	Obs/Exp Max	Max Obs/Exp Position
TAGATCG	660	0.0	37.632378	245
AGATCGG	1940	0.0	27.52595	245
TACGCGC	250	0.0014904501	24.176926	2
GGGCGCG	1430	0.0065138023	7.8159556	245
CCCCACC	2740	2.2736596E-4	6.345313	245
GCCCCCC	5825	1.2594137E-7	5.3299074	245
GGGAAGG	3285	0.002300116	5.2925897	245
>>END_MODULE
