##FastQC	0.11.2
>>Basic Statistics	pass
#Measure	Value
Filename	SRR1976948_1.qc.fq.gz
File type	Conventional base calls
Encoding	Sanger / Illumina 1.9
Total Sequences	885734
Sequences flagged as poor quality	0
Sequence length	27-251
%GC	44
>>END_MODULE
>>Per base sequence quality	warn
#Base	Mean	Median	Lower Quartile	Upper Quartile	10th Percentile	90th Percentile
1	30.199899744166984	30.0	30.0	32.0	30.0	32.0
2	30.460991674701432	30.0	30.0	32.0	30.0	32.0
3	30.580819975297324	30.0	30.0	32.0	30.0	32.0
4	30.62998936475285	30.0	30.0	32.0	30.0	32.0
5	30.54861165993402	30.0	30.0	32.0	30.0	32.0
6	32.02492170335564	33.0	32.0	33.0	30.0	33.0
7	31.98309763427846	33.0	32.0	33.0	30.0	33.0
8	31.98034737291331	33.0	32.0	33.0	30.0	33.0
9	34.236109260793874	35.0	35.0	35.0	33.0	36.0
10-14	34.222240763028175	35.0	35.0	35.0	33.0	36.0
15-19	35.79160402558782	36.8	36.2	36.8	33.6	37.2
20-24	37.384726565763536	38.4	37.8	38.8	34.8	38.8
25-29	38.23036636705265	39.0	39.0	40.0	36.0	40.0
30-34	38.25869442887716	39.0	39.0	40.0	36.0	40.0
35-39	38.17905611147553	39.0	39.0	40.0	36.0	40.0
40-44	38.083740328478896	39.0	38.8	40.0	35.4	40.0
45-49	38.009658807760786	39.0	38.2	40.0	35.0	40.0
50-54	37.86981251368946	39.0	38.0	40.0	35.0	40.0
55-59	37.72709959603395	39.0	38.0	40.0	35.0	40.0
60-64	37.5712799546101	39.0	37.2	40.0	34.6	40.0
65-69	37.51512200298967	39.0	37.4	40.0	34.4	40.0
70-74	37.561036508027854	39.0	38.0	40.0	35.0	40.0
75-79	37.37038564028445	39.0	37.0	40.0	34.6	40.0
80-84	37.17140598924637	39.0	37.0	39.8	34.0	40.0
85-89	36.98672358877723	39.0	37.0	39.0	34.0	40.0
90-94	36.76143771532636	38.8	37.0	39.0	34.0	40.0
95-99	36.4670608474605	38.0	36.6	39.0	33.0	40.0
100-104	36.21745590124951	38.0	36.0	39.0	32.4	39.6
105-109	35.92488131015642	38.0	36.0	39.0	31.0	39.0
110-114	35.66086549047283	38.0	36.0	39.0	30.4	39.0
115-119	35.36614413549753	38.0	36.0	38.6	30.0	39.0
120-124	35.086914407277646	38.0	36.0	38.0	29.4	39.0
125-129	34.8466198897498	38.0	36.0	38.0	28.8	39.0
130-134	34.97692356332612	38.0	36.0	38.0	29.6	38.6
135-139	34.94713202317997	38.0	36.0	38.0	30.0	38.0
140-144	34.786403909021224	38.0	36.0	38.0	30.0	38.0
145-149	34.606262505363475	38.0	36.0	38.0	28.8	38.0
150-154	34.39166917396417	38.0	36.0	38.0	27.0	38.0
155-159	34.188306192088206	38.0	35.0	38.0	26.0	38.0
160-164	34.03193671283426	37.6	35.0	38.0	25.6	38.0
165-169	33.80976565411116	37.0	34.4	38.0	25.0	38.0
170-174	33.58697942896115	37.0	34.0	38.0	25.0	38.0
175-179	33.40326148600099	37.0	34.0	38.0	24.4	38.0
180-184	33.20026767656101	37.0	34.0	38.0	23.0	38.0
185-189	32.93952800314058	36.2	34.0	38.0	23.0	38.0
190-194	32.65171878405189	36.0	34.0	38.0	20.2	38.0
195-199	32.40907335737211	36.0	33.6	38.0	17.6	38.0
200-204	32.085501223217406	36.0	32.0	38.0	15.0	38.0
205-209	31.866334686097694	36.0	32.0	38.0	13.8	38.0
210-214	31.48061515506895	36.0	30.4	38.0	9.0	38.0
215-219	31.17693610585642	36.0	30.0	38.0	9.0	38.0
220-224	30.788299454588802	36.0	30.0	38.0	7.0	38.0
225-229	30.379886650684693	36.0	30.0	38.0	2.8	38.0
230-234	29.871677954369243	36.0	29.2	38.0	2.0	38.0
235-239	29.3677031333908	36.0	26.8	38.0	2.0	38.0
240-244	28.76230798660409	35.0	25.0	38.0	2.0	38.0
245-249	27.83306869528375	34.0	24.6	38.0	2.0	38.0
250-251	23.163377896995264	29.5	5.0	35.5	2.0	38.0
>>END_MODULE
>>Per sequence quality scores	pass
#Quality	Count
2	705.0
3	117.0
4	353.0
5	586.0
6	882.0
7	1152.0
8	1555.0
9	1844.0
10	2190.0
11	2447.0
12	2538.0
13	2632.0
14	2706.0
15	2703.0
16	2885.0
17	3024.0
18	3280.0
19	3603.0
20	3791.0
21	4451.0
22	4999.0
23	5743.0
24	6696.0
25	8008.0
26	9449.0
27	11112.0
28	13273.0
29	15979.0
30	19241.0
31	23487.0
32	30846.0
33	40302.0
34	55939.0
35	82490.0
36	135710.0
37	274948.0
38	104068.0
>>END_MODULE
>>Per base sequence content	warn
#Base	G	A	T	C
1	18.870450948027287	32.47634165562122	24.652886758326993	24.000320638024508
2	23.803448669068445	31.12134243615175	29.307816238076263	15.767392656703544
3	19.70467098102795	28.589831595395403	30.20003974149961	21.505457682077036
4	20.38332050028564	28.34180465015456	28.875034716969207	22.399840132590597
5	21.208357842279426	28.754441246834535	28.95156655914719	21.085634351738847
6	21.341508850286882	27.810042292607033	28.57991225356597	22.268536603540117
7	22.29676178175389	28.03787593114863	28.230597447992285	21.434764839105195
8	20.463685321712035	28.01350298623734	29.554265972700485	21.96854571935014
9	21.071587035822308	27.10286282660802	29.785612594314543	22.039937543255135
10-14	21.67779680784164	28.1293798469742	28.37119086677362	21.82163247841054
15-19	21.87698573455073	28.056490041011983	27.977817129287775	22.088707095149513
20-24	21.932067128114877	27.93102934382498	28.062874915380835	22.074028612679303
25-29	22.04467165778299	27.795806062275673	28.014523990439276	22.14499828950206
30-34	22.147567803757788	27.709863935209178	27.823787571371632	22.318780689661402
35-39	22.24315028666129	27.762235409336604	27.75722230865932	22.237391995342783
40-44	22.20209746579362	27.797665432911963	27.78526842237541	22.214968678919007
45-49	22.248672338161647	27.64779284546192	27.74943084077497	22.35410397560146
50-54	22.215759108511815	27.685201702588884	27.78254733490646	22.316491853992844
55-59	22.302107264034163	27.69577016230463	27.70706044773659	22.295062125924616
60-64	22.28992382215173	27.63522155162914	27.682414966047837	22.392439660171288
65-69	22.25095228062997	27.729007431051812	27.708504240299202	22.311536048019015
70-74	22.31921931205861	27.70904275487292	27.687792571107384	22.283945361961088
75-79	22.30346895022718	27.67267119081812	27.657991675133736	22.36586818382096
80-84	22.290337841881282	27.709334715367568	27.6710352046122	22.32929223813895
85-89	22.308968103913184	27.745096887898026	27.70288825394015	22.243046754248642
90-94	22.315496073683004	27.703801834757964	27.63498881308491	22.345713278474125
95-99	22.323213160515742	27.77568493537408	27.60840057906992	22.292701325040255
100-104	22.325130041221595	27.766208771913583	27.611647556164503	22.29701363070032
105-109	22.316660475084433	27.667881270670758	27.618288390726853	22.397169863517956
110-114	22.319063005576186	27.71492436060844	27.606255120687894	22.35975751312748
115-119	22.294957057290144	27.77887807188125	27.608918389316973	22.317246481511635
120-124	22.344793695859643	27.67112744728295	27.561486099825792	22.422592757031612
125-129	22.292671282791428	27.735049403796346	27.60070287466343	22.3715764387488
130-134	22.335938682089488	27.71107954481298	27.631044676348836	22.321937096748695
135-139	22.28101855155674	27.63797590474633	27.618531864288276	22.46247367940865
140-144	22.268577736345375	27.683275159346138	27.617581009987134	22.430566094321353
145-149	22.324624081544904	27.69628787865101	27.587301788040346	22.39178625176374
150-154	22.290918822359053	27.67230389306245	27.54576835392011	22.49100893065839
155-159	22.264186906145397	27.707809872580825	27.59058025836133	22.437422962912443
160-164	22.31953581551499	27.706988173394848	27.542085519482878	22.431390491607285
165-169	22.200386715801827	27.702866583951703	27.569670496637578	22.527076203608896
170-174	22.239679065090083	27.67941648526681	27.589399699146107	22.491504750497
175-179	22.240153385975077	27.693282249841634	27.57880735177714	22.48775701240615
180-184	22.223401586134052	27.642869838046487	27.56633413873851	22.56739443708095
185-189	22.18729279472156	27.701798745069983	27.589354594514514	22.521553865693942
190-194	22.189831926282615	27.76018995749263	27.572585704677888	22.477392411546866
195-199	22.185656526009435	27.69662536916059	27.560083659462357	22.55763444536762
200-204	22.181111586130548	27.709750628346825	27.59841089060724	22.510726894915386
205-209	22.261588319651306	27.739156946216646	27.513522058740502	22.48573267539155
210-214	22.235737536018778	27.712578809950273	27.487889854759562	22.56379379927139
215-219	22.240078628411197	27.814845629411217	27.443903633221588	22.501172108956
220-224	22.25013138409845	27.871022031650977	27.412967491949264	22.46587909230131
225-229	22.248557940625616	27.800777303935597	27.34620197661674	22.60446277882205
230-234	22.25546630242718	27.81885860786801	27.313218858065845	22.61245623163897
235-239	22.277172044938908	27.778678635680564	27.317103136084597	22.627046183295928
240-244	22.35363491126425	27.602009636244638	27.278219349908063	22.76613610258305
245-249	22.425009745153506	27.821092080521392	27.194217860528898	22.5596803137962
250-251	23.44137297831768	27.33142171057278	26.518652447206726	22.708552863902817
>>END_MODULE
>>Per sequence GC content	fail
#GC Content	Count
0	0.0
1	0.0
2	0.0
3	0.0
4	0.0
5	0.0
6	0.0
7	0.0
8	0.0
9	0.5
10	3.0
11	4.833333333333332
12	9.833333333333334
13	21.83333333333332
14	28.666666666666632
15	47.500000000000064
16	99.16666666666634
17	182.0000000000008
18	304.0000000000001
19	500.33333333332234
20	693.500000000009
21	1077.0000000000343
22	1694.6666666665606
23	2439.833333333325
24	3415.1666666671017
25	4666.000000000226
26	6082.833333332271
27	7709.166666664127
28	9193.833333332177
29	10682.833333334882
30	11937.166666670495
31	12778.000000005359
32	13330.333333339699
33	13645.333333340268
34	13464.500000006603
35	13062.333333339204
36	12467.500000004791
37	11986.833333337254
38	11518.833333336404
39	11128.00000000236
40	10792.166666668416
41	10659.33333333484
42	10802.000000001766
43	10765.500000001699
44	10831.666666668485
45	10972.666666668743
46	11222.500000002536
47	11300.000000002674
48	11162.000000002423
49	10815.833333335126
50	10420.66666666774
51	10072.666666667106
52	9985.500000000282
53	9885.166666666768
54	9795.333333333272
55	9772.666666666562
56	9863.000000000062
57	9994.000000000298
58	10061.166666667088
59	10006.833333333656
60	9738.999999999834
61	9094.333333331993
62	8173.833333330369
63	7102.999999998011
64	6024.99999999899
65	4924.666666666657
66	3908.5000000006594
67	3031.500000000261
68	2264.9999999999122
69	1650.6666666665708
70	1176.5000000000118
71	842.0000000000258
72	586.9999999999968
73	391.99999999999517
74	249.66666666666939
75	159.00000000000014
76	109.66666666666619
77	70.66666666666674
78	50.333333333333414
79	34.3333333333333
80	23.333333333333318
81	17.33333333333334
82	11.66666666666667
83	10.0
84	6.999999999999997
85	6.666666666666664
86	2.6666666666666665
87	1.3333333333333333
88	1.3333333333333333
89	0.6666666666666666
90	0.6666666666666666
91	0.0
92	0.0
93	0.0
94	0.3333333333333333
95	0.3333333333333333
96	0.3333333333333333
97	0.3333333333333333
98	0.3333333333333333
99	1.0
100	4.0
>>END_MODULE
>>Per base N content	pass
#Base	N-Count
1	0.0
2	1.1290071285510096E-4
3	0.0011290071285510097
4	0.0
5	3.3870213856530287E-4
6	0.0
7	0.0
8	4.5160285142040386E-4
9	1.1290071285510096E-4
10-14	1.1290071285510096E-4
15-19	0.0046966696547722005
20-24	9.032057028408077E-5
25-29	0.0027547854801128198
30-34	0.004651571339185131
35-39	0.004470943944975777
40-44	0.0024386966972595146
45-49	0.0029806299696924126
50-54	9.03222018746373E-4
55-59	9.03222018746373E-5
60-64	2.2580575962751082E-5
65-69	2.258060145690041E-5
70-74	0.007677479041046739
75-79	0.008129532355425864
80-84	3.3873273309893026E-4
85-89	0.005148781725980029
90-94	0.0049682023756588796
95-99	0.007949157908666885
100-104	0.0025067014744372907
105-109	0.0016259696255324202
110-114	2.0324629498941427E-4
115-119	3.6132674664784753E-4
120-124	8.581535426384879E-4
125-129	2.0324698347602024E-4
130-134	9.0331992656009E-4
135-139	3.6132813382148764E-4
140-144	1.1291522031679042E-4
145-149	2.7099658995957633E-4
150-154	0.0017163191007571904
155-159	1.806656173005395E-4
160-164	6.774960648770232E-5
165-169	2.709984259508093E-4
170-174	1.5808241513797208E-4
175-179	3.8391513036628664E-4
180-184	9.936669540020274E-4
185-189	6.097556844473683E-4
190-194	0.0010614308765725267
195-199	6.097591270778671E-4
200-204	0.0018518639801389848
205-209	4.516742435021014E-4
210-214	0.0011743580721647552
215-219	3.3875866629358046E-4
220-224	0.0015808752041305107
225-229	8.130255730418787E-4
230-234	0.0010614505331304682
235-239	3.1617754001226766E-4
240-244	2.9359429198494354E-4
245-249	3.387643277549388E-4
250-251	0.0
>>END_MODULE
>>Sequence Length Distribution	warn
#Length	Count
25-29	10.0
30-34	5.0
35-39	0.0
40-44	0.0
45-49	1.0
50-54	0.0
55-59	0.0
60-64	2.0
65-69	0.0
70-74	39.0
75-79	23.0
80-84	3.0
85-89	18.0
90-94	4.0
95-99	3.0
100-104	0.0
105-109	1.0
110-114	0.0
115-119	1.0
120-124	2.0
125-129	0.0
130-134	0.0
135-139	1.0
140-144	1.0
145-149	2.0
150-154	4.0
155-159	0.0
160-164	0.0
165-169	0.0
170-174	1.0
175-179	1.0
180-184	9.0
185-189	6.0
190-194	1.0
195-199	1.0
200-204	1.0
205-209	1.0
210-214	6.0
215-219	1.0
220-224	5.0
225-229	0.0
230-234	2.0
235-239	2.0
240-244	3.0
245-249	14.0
250-252	885560.0
>>END_MODULE
>>Sequence Duplication Levels	pass
#Total Deduplicated Percentage	98.42152274559423
#Duplication Level	Percentage of deduplicated	Percentage of total
1	98.51507700611765	96.96003892341577
2	1.3776611511585846	2.711830166489523
3	0.09823991779011822	0.2900676690991628
4	0.00643592816992945	0.025337354030628884
5	0.0025859967637005135	0.01272588696492916
6	0.0	0.0
7	0.0	0.0
8	0.0	0.0
9	0.0	0.0
>10	0.0	0.0
>50	0.0	0.0
>100	0.0	0.0
>500	0.0	0.0
>1k	0.0	0.0
>5k	0.0	0.0
>10k+	0.0	0.0
>>END_MODULE
>>Overrepresented sequences	pass
>>END_MODULE
>>Adapter Content	pass
#Position	Illumina Universal Adapter	Illumina Small RNA Adapter	Nextera Transposase Sequence
1	0.0	0.0	0.0
2	0.0	0.0	0.0
3	0.0	0.0	0.0
4	1.1290071285510096E-4	0.0	0.0
5	1.1290071285510096E-4	0.0	0.0
6	1.1290071285510096E-4	0.0	0.0
7	1.1290071285510096E-4	0.0	0.0
8	1.1290071285510096E-4	0.0	0.0
9	1.1290071285510096E-4	0.0	0.0
10-14	2.0322128313918176E-4	6.774042771306058E-5	0.0
15-19	2.2580142571020193E-4	1.1290071285510096E-4	0.0
20-24	2.2580142571020193E-4	1.1290071285510096E-4	6.774042771306058E-5
25-29	2.2580142571020193E-4	1.1290071285510096E-4	1.1290071285510096E-4
30-34	6.548241345595856E-4	1.1290071285510096E-4	1.3548085542612116E-4
35-39	0.0011967475562640701	1.1290071285510096E-4	2.2580142571020193E-4
40-44	0.0018289915482526356	1.1290071285510096E-4	2.2580142571020193E-4
45-49	0.002957998676803645	2.0322128313918176E-4	2.2580142571020193E-4
50-54	0.004899890937911383	2.2580142571020193E-4	2.2580142571020193E-4
55-59	0.007361126478152583	2.2580142571020193E-4	2.2580142571020193E-4
60-64	0.013254543689188856	2.2580142571020193E-4	2.2580142571020193E-4
65-69	0.021631776583037346	2.2580142571020193E-4	3.387021385653029E-4
70-74	0.038634623939015546	2.2580142571020193E-4	3.387021385653029E-4
75-79	0.06568563473909775	2.2580142571020193E-4	3.387021385653029E-4
80-84	0.10565248708980349	2.2580142571020193E-4	3.387021385653029E-4
85-89	0.15817389870999646	3.387021385653029E-4	3.387021385653029E-4
90-94	0.22483047957964808	3.387021385653029E-4	3.387021385653029E-4
95-99	0.3048996651364857	4.290227088493837E-4	4.5160285142040386E-4
100-104	0.3935041445851689	4.5160285142040386E-4	4.5160285142040386E-4
105-109	0.48644401140748805	5.419234217044846E-4	4.5160285142040386E-4
110-114	0.5921642389250046	6.096638494175452E-4	4.5160285142040386E-4
115-119	0.706735882330361	7.451447048436664E-4	4.5160285142040386E-4
120-124	0.8267041798101913	7.903049899857068E-4	4.5160285142040386E-4
125-129	0.9581657698586709	7.903049899857068E-4	4.5160285142040386E-4
130-134	1.0930369614353745	7.903049899857068E-4	4.5160285142040386E-4
135-139	1.2352466993476596	9.032057028408077E-4	4.5160285142040386E-4
140-144	1.3926528732102414	9.032057028408077E-4	4.5160285142040386E-4
145-149	1.561191057360336	9.032057028408077E-4	4.5160285142040386E-4
150-154	1.7402515879485265	9.483659879828482E-4	5.645035642755048E-4
155-159	1.925544237886318	0.0010161064156959088	5.645035642755048E-4
160-164	2.1001790605305883	0.0010161064156959088	5.645035642755048E-4
165-169	2.2204860601489838	0.0010161064156959088	6.548241345595855E-4
170-174	2.267610817694703	0.0011064269859799897	6.774042771306058E-4
175-179	2.298568193159572	0.0011290071285510097	6.774042771306058E-4
180-184	2.325212761393375	0.0011290071285510097	6.774042771306058E-4
185-189	2.349079972090944	0.0011290071285510097	6.774042771306058E-4
190-194	2.3704407869631288	0.0011290071285510097	6.774042771306058E-4
195-199	2.390875815989902	0.0011290071285510097	6.774042771306058E-4
200-204	2.408556067623011	0.0011290071285510097	6.774042771306058E-4
205-209	2.423978304999018	0.0011290071285510097	6.774042771306058E-4
210-214	2.4381134742484765	0.0011290071285510097	6.774042771306058E-4
215-219	2.450713193803106	0.0011290071285510097	6.774042771306058E-4
220-224	2.462341967227181	0.0012419078414061106	6.774042771306058E-4
225-229	2.473338496659268	0.0013322284116901915	6.774042771306058E-4
230-234	2.489280077314408	0.0013548085542612117	6.774042771306058E-4
235-239	2.505334558682404	0.0014225489819742723	7.451447048436664E-4
>>END_MODULE
>>Kmer Content	fail
#Sequence	Count	PValue	Obs/Exp Max	Max Obs/Exp Position
TAGATCG	1480	0.0	15.741811	245
AGATCGG	4380	0.0	14.837632	245
TTAGATC	1205	1.3768135E-4	10.175969	245
GAGATCG	3570	1.8317223E-9	7.5564404	245
GAGGGGG	2580	0.0059514125	5.7032757	245
>>END_MODULE
