##FastQC	0.10.1
>>Basic Statistics	pass
#Measure	Value	
Filename	SRR1976948_1.qc.fq.gz	
File type	Conventional base calls	
Encoding	Sanger / Illumina 1.9	
Total Sequences	885734	
Filtered Sequences	0	
Sequence length	27-251	
%GC	44	
>>END_MODULE
>>Per base sequence quality	warn
#Base	Mean	Median	Lower Quartile	Upper Quartile	10th Percentile	90th Percentile
1	30.199899744166984	30.0	30.0	32.0	30.0	32.0
2	30.460991674701432	30.0	30.0	32.0	30.0	32.0
3	30.580819975297324	30.0	30.0	32.0	30.0	32.0
4	30.62998936475285	30.0	30.0	32.0	30.0	32.0
5	30.54861165993402	30.0	30.0	32.0	30.0	32.0
6	32.02492170335564	33.0	32.0	33.0	30.0	33.0
7	31.98309763427846	33.0	32.0	33.0	30.0	33.0
8	31.98034737291331	33.0	32.0	33.0	30.0	33.0
9	34.236109260793874	35.0	35.0	35.0	33.0	36.0
10-14	34.222240763028175	35.0	35.0	35.0	33.0	36.0
15-19	35.79160402558782	36.8	36.2	36.8	33.6	37.2
20-24	37.384726565763536	38.4	37.8	38.8	34.8	38.8
25-29	38.23036636705265	39.0	39.0	40.0	36.0	40.0
30-34	38.25869442887716	39.0	39.0	40.0	36.0	40.0
35-39	38.17905611147553	39.0	39.0	40.0	36.0	40.0
40-44	38.083740328478896	39.0	38.8	40.0	35.4	40.0
45-49	38.009658807760786	39.0	38.2	40.0	35.0	40.0
50-59	37.79845605486172	39.0	38.0	40.0	35.0	40.0
60-69	37.54320097879988	39.0	37.3	40.0	34.5	40.0
70-79	37.46571107415615	39.0	37.5	40.0	34.8	40.0
80-89	37.079064789011795	39.0	37.0	39.4	34.0	40.0
90-99	36.614249281393434	38.4	36.8	39.0	33.5	40.0
100-109	36.071168605702965	38.0	36.0	39.0	31.7	39.3
110-119	35.513504812985175	38.0	36.0	38.8	30.2	39.0
120-129	34.966767148513725	38.0	36.0	38.0	29.1	39.0
130-139	34.96202779325305	38.0	36.0	38.0	29.8	38.3
140-149	34.69633320719235	38.0	36.0	38.0	29.4	38.0
150-159	34.28998768302618	38.0	35.5	38.0	26.5	38.0
160-169	33.920851183472706	37.3	34.7	38.0	25.3	38.0
170-179	33.495120457481065	37.0	34.0	38.0	24.7	38.0
180-189	33.0698978398508	36.6	34.0	38.0	23.0	38.0
190-199	32.530396070711994	36.0	33.8	38.0	18.9	38.0
200-209	31.975917954657547	36.0	32.0	38.0	14.4	38.0
210-219	31.328775630462683	36.0	30.2	38.0	9.0	38.0
220-229	30.584093052636746	36.0	30.0	38.0	4.9	38.0
230-239	29.619690543880022	36.0	28.0	38.0	2.0	38.0
240-249	28.29768834094392	34.5	24.8	38.0	2.0	38.0
250-251	23.163377896995264	29.5	5.0	35.5	2.0	38.0
>>END_MODULE
>>Per sequence quality scores	pass
#Quality	Count
2	705.0
3	117.0
4	353.0
5	586.0
6	882.0
7	1152.0
8	1555.0
9	1844.0
10	2190.0
11	2447.0
12	2538.0
13	2632.0
14	2706.0
15	2703.0
16	2885.0
17	3024.0
18	3280.0
19	3603.0
20	3791.0
21	4451.0
22	4999.0
23	5743.0
24	6696.0
25	8008.0
26	9449.0
27	11112.0
28	13273.0
29	15979.0
30	19241.0
31	23487.0
32	30846.0
33	40302.0
34	55939.0
35	82490.0
36	135710.0
37	274948.0
38	104068.0
>>END_MODULE
>>Per base sequence content	warn
#Base	G	A	T	C
1	18.870450948027287	32.47634165562122	24.652886758326993	24.000320638024508
2	23.803448669068445	31.12134243615175	29.307816238076263	15.767392656703544
3	19.70467098102795	28.589831595395403	30.20003974149961	21.505457682077036
4	20.38332050028564	28.34180465015456	28.875034716969207	22.399840132590597
5	21.208357842279426	28.754441246834535	28.95156655914719	21.085634351738847
6	21.341508850286882	27.810042292607033	28.57991225356597	22.268536603540117
7	22.29676178175389	28.03787593114863	28.230597447992285	21.434764839105195
8	20.463685321712035	28.01350298623734	29.554265972700485	21.96854571935014
9	21.071587035822308	27.10286282660802	29.785612594314543	22.039937543255135
10-14	21.67779680784164	28.1293798469742	28.37119086677362	21.82163247841054
15-19	21.87698573455073	28.056490041011983	27.977817129287775	22.088707095149513
20-24	21.932067128114877	27.93102934382498	28.062874915380835	22.074028612679303
25-29	22.04467165778299	27.795806062275673	28.014523990439276	22.14499828950206
30-34	22.147567803757788	27.709863935209178	27.823787571371632	22.318780689661402
35-39	22.24315028666129	27.762235409336604	27.75722230865932	22.237391995342783
40-44	22.20209746579362	27.797665432911963	27.78526842237541	22.214968678919007
45-49	22.248672338161647	27.64779284546192	27.74943084077497	22.35410397560146
50-59	22.25893336175486	27.69048595392461	27.74480373791257	22.30577694640796
60-69	22.270438062390856	27.682114464868718	27.69545959580963	22.351987876930796
70-79	22.311344360565375	27.690857502639975	27.672892557205536	22.324905579589114
80-89	22.299652708892097	27.727215294855313	27.686961277893975	22.28617071835862
90-99	22.319354551306944	27.73974277222287	27.621694922756802	22.319207753713386
100-109	22.320895240938594	27.717044821441196	27.6149679869432	22.347091950677015
110-119	22.30701004095989	27.746901190970192	27.607586753949903	22.338502014120014
120-129	22.318732409872208	27.70308852297973	27.5810945470251	22.397084520122963
130-139	22.308478548608303	27.674527633979594	27.624788254776732	22.39220556263537
140-149	22.296600883631143	27.689781513121225	27.60244141268971	22.411176190557917
150-159	22.277552778225367	27.6900569970846	27.56817445035138	22.46421577433865
160-169	22.259961326200795	27.704927380767547	27.55587799404367	22.47923329898799
170-179	22.239916225050553	27.686349353463168	27.584103536226074	22.489630885260205
180-189	22.205347237317177	27.67233421503561	27.577844336733108	22.5444742109141
190-199	22.18774422308139	27.728407616671795	27.566334672893934	22.51751348735288
200-209	22.221350230057254	27.724453888558724	27.55596618231203	22.49822969907199
210-219	22.237908086381662	27.763712317838618	27.46589670177166	22.53248289400806
220-229	22.249344661295982	27.835899620200532	27.379584689047515	22.53517102945597
230-239	22.266319200644464	27.798768571865416	27.315161001900012	22.61975122559011
240-249	22.389322231491825	27.711550561513548	27.23621871904539	22.66290848794924
250-251	23.44137297831768	27.33142171057278	26.518652447206726	22.708552863902817
>>END_MODULE
>>Per base GC content	pass
#Base	%GC
1	42.870771586051795
2	39.57084132577199
3	41.21012866310498
4	42.78316063287624
5	42.29399219401827
6	43.610045453827
7	43.731526620859086
8	42.432231041062174
9	43.11152457907744
10-14	43.49942928625218
15-19	43.965692829700245
20-24	44.00609574079418
25-29	44.18966994728505
30-34	44.46634849341919
35-39	44.48054228200407
40-44	44.41706614471263
45-49	44.60277631376311
50-59	44.564710308162816
60-69	44.62242593932165
70-79	44.636249940154485
80-89	44.585823427250716
90-99	44.63856230502033
100-109	44.66798719161561
110-119	44.6455120550799
120-129	44.71581692999517
130-139	44.700684111243675
140-149	44.70777707418907
150-159	44.74176855256402
160-169	44.73919462518878
170-179	44.729547110310754
180-189	44.74982144823128
190-199	44.70525771043427
200-209	44.719579929129246
210-219	44.77039098038972
220-229	44.784515690751945
230-239	44.886070426234575
240-249	45.05223071944107
250-251	46.1499258422205
>>END_MODULE
>>Per sequence GC content	fail
#GC Content	Count
0	0.0
1	0.0
2	0.0
3	0.0
4	0.0
5	0.0
6	0.0
7	0.0
8	0.0
9	0.5
10	3.0
11	4.833333333333332
12	9.833333333333334
13	21.83333333333332
14	28.666666666666632
15	47.500000000000064
16	99.16666666666634
17	182.0000000000008
18	304.0000000000001
19	500.33333333332234
20	693.500000000009
21	1077.0000000000343
22	1694.6666666665606
23	2439.833333333325
24	3415.1666666671017
25	4666.000000000226
26	6082.833333332271
27	7709.166666664127
28	9193.833333332177
29	10682.833333334882
30	11937.166666670495
31	12778.000000005359
32	13330.333333339699
33	13645.333333340268
34	13464.500000006603
35	13062.333333339204
36	12467.500000004791
37	11986.833333337254
38	11518.833333336404
39	11128.00000000236
40	10792.166666668416
41	10659.33333333484
42	10802.000000001766
43	10765.500000001699
44	10831.666666668485
45	10972.666666668743
46	11222.500000002536
47	11300.000000002674
48	11162.000000002423
49	10815.833333335126
50	10420.66666666774
51	10072.666666667106
52	9985.500000000282
53	9885.166666666768
54	9795.333333333272
55	9772.666666666562
56	9863.000000000062
57	9994.000000000298
58	10061.166666667088
59	10006.833333333656
60	9738.999999999834
61	9094.333333331993
62	8173.833333330369
63	7102.999999998011
64	6024.99999999899
65	4924.666666666657
66	3908.5000000006594
67	3031.500000000261
68	2264.9999999999122
69	1650.6666666665708
70	1176.5000000000118
71	842.0000000000258
72	586.9999999999968
73	391.99999999999517
74	249.66666666666939
75	159.00000000000014
76	109.66666666666619
77	70.66666666666674
78	50.333333333333414
79	34.3333333333333
80	23.333333333333318
81	17.33333333333334
82	11.66666666666667
83	10.0
84	6.999999999999997
85	6.666666666666664
86	2.6666666666666665
87	1.3333333333333333
88	1.3333333333333333
89	0.6666666666666666
90	0.6666666666666666
91	0.0
92	0.0
93	0.0
94	0.3333333333333333
95	0.3333333333333333
96	0.3333333333333333
97	0.3333333333333333
98	0.3333333333333333
99	1.0
100	4.0
>>END_MODULE
>>Per base N content	pass
#Base	N-Count
1	0.0
2	1.1290071285510096E-4
3	0.0011290071285510097
4	0.0
5	3.3870213856530287E-4
6	0.0
7	0.0
8	4.5160285142040386E-4
9	1.1290071285510096E-4
10-14	1.1290071285510096E-4
15-19	0.0046966696547722005
20-24	9.032057028408077E-5
25-29	0.0027547854801128198
30-34	0.004651571339185131
35-39	0.004470943944975777
40-44	0.0024386966972595146
45-49	0.0029806299696924126
50-59	4.967721103105051E-4
60-69	2.258058870981855E-5
70-79	0.007903499624470862
80-89	0.002743746910461941
90-99	0.006458676944544468
100-109	0.002066335699155975
110-119	2.822865208186309E-4
120-129	5.307003370060055E-4
130-139	6.32324091389801E-4
140-149	1.9195589621328604E-4
150-159	9.484933127269397E-4
160-169	1.6937401621925578E-4
170-179	2.7099867075151997E-4
180-189	8.017121862284816E-4
190-199	8.355951803321671E-4
200-209	0.0011517691908742391
210-219	7.565593127821712E-4
220-229	0.0011969513423470545
230-239	6.888144994322927E-4
240-249	3.1617925376275894E-4
250-251	0.0
>>END_MODULE
>>Sequence Length Distribution	warn
#Length	Count
25-29	10.0
30-34	5.0
35-39	0.0
40-44	0.0
45-49	1.0
50-54	0.0
55-59	0.0
60-64	2.0
65-69	0.0
70-74	39.0
75-79	23.0
80-84	3.0
85-89	18.0
90-94	4.0
95-99	3.0
100-104	0.0
105-109	1.0
110-114	0.0
115-119	1.0
120-124	2.0
125-129	0.0
130-134	0.0
135-139	1.0
140-144	1.0
145-149	2.0
150-154	4.0
155-159	0.0
160-164	0.0
165-169	0.0
170-174	1.0
175-179	1.0
180-184	9.0
185-189	6.0
190-194	1.0
195-199	1.0
200-204	1.0
205-209	1.0
210-214	6.0
215-219	1.0
220-224	5.0
225-229	0.0
230-234	2.0
235-239	2.0
240-244	3.0
245-249	14.0
250-252	885560.0
>>END_MODULE
>>Sequence Duplication Levels	pass
#Total Duplicate Percentage	3.4297862171285236
#Duplication Level	Relative count
1	100.0
2	2.9334584392351357
3	0.15466388959060468
4	0.01495084266042512
5	0.00463991668771814
6	0.0
7	0.0
8	0.0
9	0.001031092597270698
10++	5.15546298635349E-4
>>END_MODULE
>>Overrepresented sequences	pass
>>END_MODULE
>>Kmer Content	warn
#Sequence	Count	Obs/Exp Overall	Obs/Exp Max	Max Obs/Exp Position
AAAAA	1307280	3.6098318	5.0359607	220-229
TTTTT	1118015	3.160437	4.0629826	8
>>END_MODULE
