##FastQC	0.11.2
>>Basic Statistics	pass
#Measure	Value
Filename	SRR1976948_1.fastq.gz
File type	Conventional base calls
Encoding	Sanger / Illumina 1.9
Total Sequences	1000000
Sequences flagged as poor quality	0
Sequence length	251
%GC	44
>>END_MODULE
>>Per base sequence quality	fail
#Base	Mean	Median	Lower Quartile	Upper Quartile	10th Percentile	90th Percentile
1	30.178962	30.0	30.0	32.0	30.0	32.0
2	30.461274	30.0	30.0	32.0	30.0	32.0
3	30.580035	30.0	30.0	32.0	30.0	32.0
4	30.634876	30.0	30.0	32.0	30.0	32.0
5	30.554734	30.0	30.0	32.0	30.0	32.0
6	32.023852	33.0	32.0	33.0	30.0	33.0
7	31.984805	33.0	32.0	33.0	30.0	33.0
8	31.98	33.0	32.0	33.0	30.0	33.0
9	34.238989	35.0	35.0	35.0	33.0	36.0
10-14	34.223454200000006	35.0	35.0	35.0	33.0	36.0
15-19	35.7917796	36.8	36.2	36.8	33.6	37.2
20-24	37.384132199999996	38.4	37.8	38.8	34.8	38.8
25-29	38.231724	39.0	39.0	40.0	36.0	40.0
30-34	38.25958920000001	39.0	39.0	40.0	36.0	40.0
35-39	38.179536	39.0	39.0	40.0	36.0	40.0
40-44	38.0852168	39.0	39.0	40.0	35.2	40.0
45-49	38.0124006	39.0	38.2	40.0	35.0	40.0
50-54	37.8718966	39.0	38.0	40.0	35.0	40.0
55-59	37.729276600000006	39.0	38.0	40.0	34.8	40.0
60-64	37.5736846	39.0	37.2	40.0	34.6	40.0
65-69	37.5178304	39.0	37.4	40.0	34.4	40.0
70-74	37.5618434	39.0	38.0	40.0	35.0	40.0
75-79	37.370605999999995	39.0	37.0	40.0	34.6	40.0
80-84	37.171337199999996	39.0	37.0	40.0	34.0	40.0
85-89	36.985610599999994	39.0	37.0	39.0	34.0	40.0
90-94	36.7592064	38.8	37.0	39.0	33.8	40.0
95-99	36.465598	38.0	36.6	39.0	33.0	40.0
100-104	36.2158874	38.0	36.0	39.0	32.4	39.6
105-109	35.921146799999995	38.0	36.0	39.0	31.0	39.0
110-114	35.657436800000006	38.0	36.0	39.0	30.4	39.0
115-119	35.3609322	38.0	36.0	38.6	30.0	39.0
120-124	35.0806578	38.0	36.0	38.0	29.4	39.0
125-129	34.8389066	38.0	36.0	38.0	28.8	39.0
130-134	34.9684132	38.0	36.0	38.0	29.6	38.6
135-139	34.938234800000004	38.0	36.0	38.0	30.0	38.0
140-144	34.7775568	38.0	36.0	38.0	29.4	38.0
145-149	34.596700399999996	38.0	36.0	38.0	28.8	38.0
150-154	34.38010419999999	38.0	36.0	38.0	27.0	38.0
155-159	34.1793098	38.0	35.0	38.0	26.0	38.0
160-164	34.0234002	38.0	35.0	38.0	25.6	38.0
165-169	33.8058488	37.2	34.4	38.0	25.0	38.0
170-174	33.586196	37.0	34.0	38.0	25.0	38.0
175-179	33.404056399999995	37.0	34.0	38.0	24.2	38.0
180-184	33.203816599999996	37.0	34.0	38.0	23.0	38.0
185-189	32.945498400000005	36.4	34.0	38.0	23.0	38.0
190-194	32.6612596	36.0	34.0	38.0	20.2	38.0
195-199	32.4223572	36.0	33.6	38.0	17.6	38.0
200-204	32.0991984	36.0	32.0	38.0	15.0	38.0
205-209	31.876662600000003	36.0	32.0	38.0	13.8	38.0
210-214	31.487439800000004	36.0	30.4	38.0	9.0	38.0
215-219	31.183163999999998	36.0	30.0	38.0	9.0	38.0
220-224	30.7889882	36.0	30.0	38.0	7.0	38.0
225-229	30.3684056	36.0	30.0	38.0	2.8	38.0
230-234	29.8447588	36.0	29.2	38.0	2.0	38.0
235-239	29.310101599999996	36.0	26.4	38.0	2.0	38.0
240-244	28.6449388	34.6	25.0	38.0	2.0	38.0
245-249	27.645789	34.0	24.2	37.8	2.0	38.0
250-251	22.9279915	29.5	2.0	35.5	2.0	37.5
>>END_MODULE
>>Per sequence quality scores	pass
#Quality	Count
2	716.0
3	132.0
4	397.0
5	654.0
6	984.0
7	1298.0
8	1767.0
9	2111.0
10	2517.0
11	2802.0
12	2901.0
13	2991.0
14	3111.0
15	3117.0
16	3350.0
17	3559.0
18	3809.0
19	4198.0
20	4395.0
21	5126.0
22	5819.0
23	6562.0
24	7650.0
25	9047.0
26	10696.0
27	12549.0
28	14896.0
29	17934.0
30	21500.0
31	26387.0
32	34428.0
33	44953.0
34	62581.0
35	92660.0
36	152861.0
37	310829.0
38	118713.0
>>END_MODULE
>>Per base sequence content	warn
#Base	G	A	T	C
1	18.856594620470574	32.50971932628695	24.66655850723967	23.967127546002807
2	23.778618893094468	31.13725568627843	29.325946629733146	15.758178790893954
3	19.69242554400057	28.61794504341704	30.210919913235923	21.47870949934647
4	20.382	28.3794	28.877000000000002	22.3616
5	21.181763545290636	28.789586368759107	28.98258694776084	21.046063138189414
6	21.2953	27.8534	28.600199999999997	22.251099999999997
7	22.2609	28.0565	28.266000000000002	21.4166
8	20.44678178712715	28.041212164848663	29.56581826327305	21.94618778475114
9	21.075921075921077	27.145727145727143	29.79202979202979	21.986321986321986
10-14	21.658585990303187	28.16857380228856	28.39439407327289	21.77844613413536
15-19	21.86077378034402	28.085433971139995	28.00527062031193	22.04852162820406
20-24	21.912517530014025	27.960182368145897	28.07738246190597	22.04991763993411
25-29	22.008095455816402	27.828699386900624	28.058326643121923	22.104878514161047
30-34	22.12779668888597	27.73878549282988	27.849271967337287	22.284145850946864
35-39	22.22270447405471	27.787906177439293	27.804387189373426	22.185002159132573
40-44	22.178665281555954	27.82066469713737	27.82500483515376	22.17566518615292
45-49	22.211672985208512	27.69627397704124	27.79149711940494	22.300555918345307
50-54	22.204473130993694	27.708495876852997	27.808317014813973	22.278713977339343
55-59	22.26673781339025	27.73540218832175	27.739902191921757	22.257957806366246
60-64	22.25156445031289	27.678425535685108	27.72880554576111	22.341204468240893
65-69	22.221868888111555	27.771461097214413	27.742301033062272	22.26436898161176
70-74	22.291093071655663	27.749860737048543	27.722358179310675	22.236688011985116
75-79	22.259610037661634	27.726807930466396	27.694503097663407	22.31907893420856
80-84	22.257449220022668	27.74154077048324	27.718820556913236	22.282189452580855
85-89	22.26629139969633	27.79430510836864	27.735798824793783	22.20360466714125
90-94	22.271563945493185	27.747068383547948	27.67959994999375	22.30176772096512
95-99	22.286365564779565	27.81411663375934	27.649416639179996	22.250101162281098
100-104	22.29074555038958	27.80289203425477	27.65556010036813	22.250802314987514
105-109	22.29497698154884	27.70516302119522	27.664082216011433	22.335777781244513
110-114	22.284617940006644	27.759252174055653	27.648671886546904	22.3074579993908
115-119	22.26167123734796	27.821349028316888	27.64766847253911	22.269311261796037
120-124	22.32490528217741	27.70138550128794	27.598602438352664	22.375106778181987
125-129	22.254908960799714	27.785181127398477	27.65388083853784	22.30602907326396
130-134	22.31309436927581	27.766356536464514	27.653855253949892	22.266693840309777
135-139	22.262298242659615	27.688881191021814	27.64616069546407	22.402659870854503
140-144	22.244873387696128	27.72854654851172	27.646446351471244	22.38013371232091
145-149	22.306129224516898	27.752091008364033	27.606490425961706	22.335289341157363
150-154	22.26296227329485	27.73906783998547	27.574918680462368	22.42305120625731
155-159	22.2395133748321	27.768686644847946	27.614366274479057	22.377433705840893
160-164	22.307040610692397	27.79396011651284	27.541578299363756	22.357420973431008
165-169	22.20417996752394	27.792130025834044	27.55240959433727	22.45128041230474
170-174	22.26320241073109	27.79872787414822	27.539246680534728	22.39882303458596
175-179	22.297162566947808	27.844348084001187	27.470466364145274	22.38802298490573
180-184	22.28334577693794	27.803366113381273	27.42725791422253	22.486030195458262
185-189	22.25796051463141	27.861221201585302	27.412574741076273	22.468243542707015
190-194	22.257720447277634	27.917551761152193	27.37138487944948	22.453342912120693
195-199	22.237829147963854	27.886102909308295	27.306273284136516	22.569794658591334
200-204	22.23055799450786	27.905585545224177	27.303889901137428	22.559966559130537
205-209	22.276238793289313	27.935705191257597	27.231891959568838	22.55616405588425
210-214	22.268807561105174	27.896715616939844	27.169261649823678	22.665215172131305
215-219	22.268656298500776	27.98250772012352	27.11281380502088	22.63602217635482
220-224	22.28706984863376	27.996854353444434	27.06292053122386	22.653155266697947
225-229	22.266407833166795	27.92121712013197	26.973872110223713	22.83850293647752
230-234	22.26130240199105	27.981428714572086	26.8950237171091	22.862245166327767
235-239	22.24256929989986	28.045046509939503	26.818301729694937	22.8940824604657
240-244	22.274427105187684	27.996575171231434	26.670364031057858	23.058633692523017
245-249	22.2592829263756	28.06583325083177	26.60874556616576	23.066138256626875
250-251	22.923122923122925	27.78957778957779	26.012326012326014	23.274973274973277
>>END_MODULE
>>Per sequence GC content	fail
#GC Content	Count
0	0.0
1	0.0
2	0.0
3	0.0
4	0.0
5	0.0
6	0.0
7	0.0
8	0.0
9	0.0
10	2.333333333333333
11	4.0
12	10.333333333333334
13	23.999999999999982
14	32.99999999999996
15	51.000000000000085
16	109.33333333333286
17	197.6666666666679
18	338.9999999999982
19	566.6666666666612
20	794.0000000000203
21	1212.6666666666702
22	1892.3333333331823
23	2758.33333333347
24	3864.333333333973
25	5265.999999999681
26	6893.333333331534
27	8729.999999997997
28	10447.666666667788
29	12063.333333337394
30	13483.000000006643
31	14456.333333341747
32	15133.666666676312
33	15490.666666676962
34	15296.666666676609
35	14860.333333342482
36	14170.66666667456
37	13657.333333340293
38	13110.666666672632
39	12650.666666671796
40	12264.33333333776
41	12062.333333337392
42	12223.333333337685
43	12195.333333337634
44	12224.66666667102
45	12383.000000004642
46	12632.333333338429
47	12737.33333333862
48	12603.333333338376
49	12225.333333337689
50	11772.666666670199
51	11364.000000002789
52	11241.333333335899
53	11165.000000002427
54	11025.333333335506
55	11008.000000002141
56	11123.00000000235
57	11238.666666669227
58	11294.333333335995
59	11230.000000002545
60	10933.000000002005
61	10164.33333333394
62	9101.66666666534
63	7907.999999997278
64	6716.999999998361
65	5499.666666666135
66	4341.000000000522
67	3369.3333333337478
68	2511.3333333333576
69	1820.666666666532
70	1298.9999999999839
71	926.0000000000354
72	642.3333333333364
73	422.9999999999934
74	268.66666666666885
75	171.66666666666717
76	118.99999999999939
77	76.0
78	54.00000000000011
79	35.33333333333331
80	24.333333333333314
81	18.333333333333336
82	12.333333333333337
83	11.000000000000002
84	7.666666666666663
85	6.999999999999997
86	2.6666666666666665
87	1.3333333333333333
88	1.3333333333333333
89	0.6666666666666666
90	0.6666666666666666
91	0.0
92	0.0
93	0.0
94	0.3333333333333333
95	0.3333333333333333
96	0.3333333333333333
97	0.3333333333333333
98	0.3333333333333333
99	1.0
100	4.0
>>END_MODULE
>>Per base N content	pass
#Base	N-Count
1	0.1474
2	5.0E-4
3	0.004699999999999999
4	0.0
5	3.0000000000000003E-4
6	0.0
7	0.0
8	3.9999999999999996E-4
9	9.999999999999999E-5
10-14	1.1999999999999999E-4
15-19	0.00418
20-24	7.999999999999999E-5
25-29	0.00316
30-34	0.00586
35-39	0.0061400000000000005
40-44	0.00318
45-49	0.0033000000000000004
50-54	0.00114
55-59	7.999999999999999E-5
60-64	1.9999999999999998E-5
65-69	2.2E-4
70-74	0.0093
75-79	0.014960000000000001
80-84	9.4E-4
85-89	0.01074
90-94	0.0125
95-99	0.01214
100-104	0.0081
105-109	0.00196
110-114	2.6000000000000003E-4
115-119	3.1999999999999997E-4
120-124	0.00298
125-129	2.2E-4
130-134	0.00114
135-139	0.00116
140-144	2.3999999999999998E-4
145-149	3.9999999999999996E-4
150-154	0.00558
155-159	2.3999999999999998E-4
160-164	7.199999999999999E-4
165-169	1.7999999999999998E-4
170-174	4.6E-4
175-179	4.6E-4
180-184	0.00218
185-189	0.0014399999999999999
190-194	0.00126
195-199	0.00166
200-204	0.0026
205-209	0.00188
210-214	0.0019199999999999998
215-219	0.0015999999999999999
220-224	0.00148
225-229	0.00264
230-234	4.6E-4
235-239	0.00202
240-244	8.399999999999999E-4
245-249	0.0019000000000000002
250-251	9.999999999999999E-5
>>END_MODULE
>>Sequence Length Distribution	pass
#Length	Count
251	1000000.0
>>END_MODULE
>>Sequence Duplication Levels	pass
#Total Deduplicated Percentage	98.18396133046865
#Duplication Level	Percentage of deduplicated	Percentage of total
1	98.28222229155857	96.4973791294691
2	1.5975420920958987	3.1370602198827937
3	0.1112072079234791	0.32756292607284776
4	0.006441500738382929	0.02529808237630299
5	0.002586907683672966	0.012699642198961938
6	0.0	0.0
7	0.0	0.0
8	0.0	0.0
9	0.0	0.0
>10	0.0	0.0
>50	0.0	0.0
>100	0.0	0.0
>500	0.0	0.0
>1k	0.0	0.0
>5k	0.0	0.0
>10k+	0.0	0.0
>>END_MODULE
>>Overrepresented sequences	pass
>>END_MODULE
>>Adapter Content	fail
#Position	Illumina Universal Adapter	Illumina Small RNA Adapter	Nextera Transposase Sequence
1	1.0E-4	0.0	0.0
2	1.0E-4	0.0	0.0
3	1.0E-4	0.0	0.0
4	3.0E-4	0.0	0.0
5	3.0E-4	0.0	0.0
6	3.0E-4	0.0	0.0
7	3.0E-4	0.0	0.0
8	3.0E-4	0.0	0.0
9	3.0E-4	0.0	0.0
10-14	5.2E-4	6.000000000000001E-5	0.0
15-19	7.4E-4	1.0E-4	0.0
20-24	8.399999999999999E-4	1.0E-4	6.000000000000001E-5
25-29	9.0E-4	1.0E-4	1.0E-4
30-34	0.00128	1.0E-4	1.2000000000000002E-4
35-39	0.00176	1.0E-4	2.0E-4
40-44	0.00232	1.0E-4	2.0E-4
45-49	0.00332	1.7999999999999998E-4	2.0E-4
50-54	0.00504	2.0E-4	2.0E-4
55-59	0.007240000000000001	2.0E-4	2.0E-4
60-64	0.01254	2.0E-4	2.0E-4
65-69	0.020040000000000002	2.0E-4	3.0E-4
70-74	0.03548	2.0E-4	3.0E-4
75-79	0.059919999999999994	2.0E-4	3.0E-4
80-84	0.09674	2.0E-4	3.5999999999999997E-4
85-89	0.14484000000000002	3.0E-4	4.0E-4
90-94	0.20716	3.0E-4	4.0E-4
95-99	0.28169999999999995	3.8E-4	5.0E-4
100-104	0.36605999999999994	4.0E-4	5.0E-4
105-109	0.45549999999999996	4.8000000000000007E-4	5.0E-4
110-114	0.5568199999999999	5.399999999999999E-4	5.0E-4
115-119	0.6664399999999999	6.6E-4	5.0E-4
120-124	0.7841199999999999	7.0E-4	5.0E-4
125-129	0.91418	7.0E-4	5.0E-4
130-134	1.04914	7.0E-4	5.0E-4
135-139	1.19448	8.0E-4	5.0E-4
140-144	1.3595199999999998	8.0E-4	5.0E-4
145-149	1.5389599999999999	8.0E-4	5.0E-4
150-154	1.73704	8.399999999999999E-4	6.0E-4
155-159	1.9558399999999998	9.0E-4	6.0E-4
160-164	2.19658	9.0E-4	6.0E-4
165-169	2.45948	9.0E-4	6.8E-4
170-174	2.75608	9.8E-4	7.0E-4
175-179	3.0855	0.001	7.0E-4
180-184	3.45428	0.001	7.0E-4
185-189	3.8648399999999996	0.001	7.0E-4
190-194	4.31164	0.001	7.0E-4
195-199	4.82314	0.001	7.0E-4
200-204	5.3796	0.001	7.0E-4
205-209	6.00478	0.001	7.0E-4
210-214	6.6910799999999995	0.001	7.0E-4
215-219	7.46914	0.001	7.0E-4
220-224	8.30744	0.0011	7.0E-4
225-229	9.2117	0.0011799999999999998	7.0E-4
230-234	10.20438	0.0012	7.0E-4
235-239	11.291720000000002	0.0012599999999999998	7.6E-4
>>END_MODULE
>>Kmer Content	warn
#Sequence	Count	PValue	Obs/Exp Max	Max Obs/Exp Position
TTTCGTG	770	0.0056737037	11.134897	7
CACACGT	10680	0.0	5.9639325	245
TGCTTGA	5620	2.1482265E-9	5.884751	245
GTATGCC	6310	1.5825208E-10	5.823613	245
TCTGAAC	10440	0.0	5.7490516	245
AACTCCA	10540	0.0	5.6945066	245
ACGTCTG	10330	0.0	5.573117	245
GTCACCT	8250	1.8189894E-12	5.4934907	245
CCTTGTA	8170	5.456968E-12	5.3973565	245
GCACACG	11230	0.0	5.344621	245
>>END_MODULE
