##FastQC	0.10.1
>>Basic Statistics	pass
#Measure	Value	
Filename	SRR1976948_1.fastq.gz	
File type	Conventional base calls	
Encoding	Sanger / Illumina 1.9	
Total Sequences	1000000	
Filtered Sequences	0	
Sequence length	251	
%GC	44	
>>END_MODULE
>>Per base sequence quality	fail
#Base	Mean	Median	Lower Quartile	Upper Quartile	10th Percentile	90th Percentile
1	30.178962	30.0	30.0	32.0	30.0	32.0
2	30.461274	30.0	30.0	32.0	30.0	32.0
3	30.580035	30.0	30.0	32.0	30.0	32.0
4	30.634876	30.0	30.0	32.0	30.0	32.0
5	30.554734	30.0	30.0	32.0	30.0	32.0
6	32.023852	33.0	32.0	33.0	30.0	33.0
7	31.984805	33.0	32.0	33.0	30.0	33.0
8	31.98	33.0	32.0	33.0	30.0	33.0
9	34.238989	35.0	35.0	35.0	33.0	36.0
10-14	34.223454200000006	35.0	35.0	35.0	33.0	36.0
15-19	35.7917796	36.8	36.2	36.8	33.6	37.2
20-24	37.384132199999996	38.4	37.8	38.8	34.8	38.8
25-29	38.231724	39.0	39.0	40.0	36.0	40.0
30-34	38.25958920000001	39.0	39.0	40.0	36.0	40.0
35-39	38.179536	39.0	39.0	40.0	36.0	40.0
40-44	38.0852168	39.0	39.0	40.0	35.2	40.0
45-49	38.0124006	39.0	38.2	40.0	35.0	40.0
50-59	37.8005866	39.0	38.0	40.0	34.9	40.0
60-69	37.5457575	39.0	37.3	40.0	34.5	40.0
70-79	37.466224700000005	39.0	37.5	40.0	34.8	40.0
80-89	37.078473900000006	39.0	37.0	39.5	34.0	40.0
90-99	36.6124022	38.4	36.8	39.0	33.4	40.0
100-109	36.0685171	38.0	36.0	39.0	31.7	39.3
110-119	35.5091845	38.0	36.0	38.8	30.2	39.0
120-129	34.9597822	38.0	36.0	38.0	29.1	39.0
130-139	34.953323999999995	38.0	36.0	38.0	29.8	38.3
140-149	34.68712860000001	38.0	36.0	38.0	29.1	38.0
150-159	34.279707	38.0	35.5	38.0	26.5	38.0
160-169	33.9146245	37.6	34.7	38.0	25.3	38.0
170-179	33.4951262	37.0	34.0	38.0	24.6	38.0
180-189	33.0746575	36.7	34.0	38.0	23.0	38.0
190-199	32.541808399999994	36.0	33.8	38.0	18.9	38.0
200-209	31.987930499999997	36.0	32.0	38.0	14.4	38.0
210-219	31.335301900000008	36.0	30.2	38.0	9.0	38.0
220-229	30.578696900000004	36.0	30.0	38.0	4.9	38.0
230-239	29.577430200000002	36.0	27.8	38.0	2.0	38.0
240-249	28.1453639	34.3	24.6	37.9	2.0	38.0
250-251	22.9279915	29.5	2.0	35.5	2.0	37.5
>>END_MODULE
>>Per sequence quality scores	pass
#Quality	Count
2	716.0
3	132.0
4	397.0
5	654.0
6	984.0
7	1298.0
8	1767.0
9	2111.0
10	2517.0
11	2802.0
12	2901.0
13	2991.0
14	3111.0
15	3117.0
16	3350.0
17	3559.0
18	3809.0
19	4198.0
20	4395.0
21	5126.0
22	5819.0
23	6562.0
24	7650.0
25	9047.0
26	10696.0
27	12549.0
28	14896.0
29	17934.0
30	21500.0
31	26387.0
32	34428.0
33	44953.0
34	62581.0
35	92660.0
36	152861.0
37	310829.0
38	118713.0
>>END_MODULE
>>Per base sequence content	warn
#Base	G	A	T	C
1	18.856594620470574	32.50971932628695	24.66655850723967	23.967127546002807
2	23.778618893094468	31.13725568627843	29.325946629733146	15.758178790893954
3	19.69242554400057	28.61794504341704	30.210919913235923	21.47870949934647
4	20.382	28.3794	28.877000000000002	22.3616
5	21.181763545290636	28.789586368759107	28.98258694776084	21.046063138189414
6	21.2953	27.8534	28.600199999999997	22.251099999999997
7	22.2609	28.0565	28.266000000000002	21.4166
8	20.44678178712715	28.041212164848663	29.56581826327305	21.94618778475114
9	21.075921075921077	27.145727145727143	29.79202979202979	21.986321986321986
10-14	21.658585990303187	28.16857380228856	28.39439407327289	21.77844613413536
15-19	21.86077378034402	28.085433971139995	28.00527062031193	22.04852162820406
20-24	21.912517530014025	27.960182368145897	28.07738246190597	22.04991763993411
25-29	22.008095455816402	27.828699386900624	28.058326643121923	22.104878514161047
30-34	22.12779668888597	27.73878549282988	27.849271967337287	22.284145850946864
35-39	22.22270447405471	27.787906177439293	27.804387189373426	22.185002159132573
40-44	22.178665281555954	27.82066469713737	27.82500483515376	22.17566518615292
45-49	22.211672985208512	27.69627397704124	27.79149711940494	22.300555918345307
50-59	22.235605637194386	27.721949103889532	27.774109422067472	22.268335836848603
60-69	22.23671668406002	27.724943269931924	27.73555328266394	22.302786763344116
70-79	22.275352000197625	27.73833465999426	27.708431032684267	22.277882307123853
80-89	22.261870093213442	27.76792164662416	27.72730927486165	22.24289898530074
90-99	22.278964768459474	27.780592569004504	27.664508267418547	22.275934395117478
100-109	22.292861330924946	27.754026027509184	27.65982128901084	22.293291352555034
110-119	22.27314459211932	27.790300591871713	27.648170179693523	22.288384636315445
120-129	22.289906638506217	27.74328389254228	27.626242019872315	22.340567449079185
130-139	22.28769630850755	27.727618867616975	27.65000797509171	22.33467684878376
140-149	22.2755012816041	27.74031876902006	27.626468404698894	22.357711544676942
150-159	22.25123751101157	27.753877637839263	27.59464300411142	22.400241847037748
160-169	22.255610150245676	27.79304506870281	27.546993961472825	22.40435081957869
170-179	22.280182488839447	27.821537979074705	27.504856522340006	22.393423009745845
180-189	22.27065309882109	27.832293764517136	27.419916300485035	22.477136836176733
190-199	22.247774817512337	27.901827366679555	27.338829146905546	22.511568668902566
200-209	22.253398476125867	27.92064542245746	27.267890800753936	22.558065300662737
210-219	22.268731929681962	27.939611737166576	27.141037682263207	22.650618650888255
220-229	22.276738900821357	27.9590359561407	27.01839657896953	22.74582856406842
230-239	22.25193592400546	28.01323736414332	26.85666302262148	22.878163689229748
240-249	22.266855055914267	28.03120402749518	26.639554961902977	23.062385954687578
250-251	22.923122923122925	27.78957778957779	26.012326012326014	23.274973274973277
>>END_MODULE
>>Per base GC content	pass
#Base	%GC
1	42.82372216647338
2	39.53679768398842
3	41.171135043347036
4	42.7436
5	42.22782668348005
6	43.5464
7	43.6775
8	42.39296957187829
9	43.06224306224306
10-14	43.43703212443855
15-19	43.909295408548076
20-24	43.96243516994814
25-29	44.11297396997745
30-34	44.411942539832836
35-39	44.407706633187274
40-44	44.35433046770888
45-49	44.51222890355382
50-59	44.50394147404299
60-69	44.53950344740414
70-79	44.553234307321475
80-89	44.50476907851419
90-99	44.554899163576955
100-109	44.58615268347998
110-119	44.56152922843476
120-129	44.630474087585405
130-139	44.62237315729131
140-149	44.633212826281046
150-159	44.651479358049315
160-169	44.65996096982436
170-179	44.673605498585296
180-189	44.747789934997826
190-199	44.759343486414906
200-209	44.8114637767886
210-219	44.91935058057022
220-229	45.02256746488978
230-239	45.1300996132352
240-249	45.32924101060185
250-251	46.1980961980962
>>END_MODULE
>>Per sequence GC content	fail
#GC Content	Count
0	0.0
1	0.0
2	0.0
3	0.0
4	0.0
5	0.0
6	0.0
7	0.0
8	0.0
9	0.0
10	2.333333333333333
11	4.0
12	10.333333333333334
13	23.999999999999982
14	32.99999999999996
15	51.000000000000085
16	109.33333333333286
17	197.6666666666679
18	338.9999999999982
19	566.6666666666612
20	794.0000000000203
21	1212.6666666666702
22	1892.3333333331823
23	2758.33333333347
24	3864.333333333973
25	5265.999999999681
26	6893.333333331534
27	8729.999999997997
28	10447.666666667788
29	12063.333333337394
30	13483.000000006643
31	14456.333333341747
32	15133.666666676312
33	15490.666666676962
34	15296.666666676609
35	14860.333333342482
36	14170.66666667456
37	13657.333333340293
38	13110.666666672632
39	12650.666666671796
40	12264.33333333776
41	12062.333333337392
42	12223.333333337685
43	12195.333333337634
44	12224.66666667102
45	12383.000000004642
46	12632.333333338429
47	12737.33333333862
48	12603.333333338376
49	12225.333333337689
50	11772.666666670199
51	11364.000000002789
52	11241.333333335899
53	11165.000000002427
54	11025.333333335506
55	11008.000000002141
56	11123.00000000235
57	11238.666666669227
58	11294.333333335995
59	11230.000000002545
60	10933.000000002005
61	10164.33333333394
62	9101.66666666534
63	7907.999999997278
64	6716.999999998361
65	5499.666666666135
66	4341.000000000522
67	3369.3333333337478
68	2511.3333333333576
69	1820.666666666532
70	1298.9999999999839
71	926.0000000000354
72	642.3333333333364
73	422.9999999999934
74	268.66666666666885
75	171.66666666666717
76	118.99999999999939
77	76.0
78	54.00000000000011
79	35.33333333333331
80	24.333333333333314
81	18.333333333333336
82	12.333333333333337
83	11.000000000000002
84	7.666666666666663
85	6.999999999999997
86	2.6666666666666665
87	1.3333333333333333
88	1.3333333333333333
89	0.6666666666666666
90	0.6666666666666666
91	0.0
92	0.0
93	0.0
94	0.3333333333333333
95	0.3333333333333333
96	0.3333333333333333
97	0.3333333333333333
98	0.3333333333333333
99	1.0
100	4.0
>>END_MODULE
>>Per base N content	pass
#Base	N-Count
1	0.1474
2	5.0E-4
3	0.004699999999999999
4	0.0
5	3.0000000000000003E-4
6	0.0
7	0.0
8	3.9999999999999996E-4
9	9.999999999999999E-5
10-14	1.1999999999999999E-4
15-19	0.00418
20-24	7.999999999999999E-5
25-29	0.00316
30-34	0.00586
35-39	0.0061400000000000005
40-44	0.00318
45-49	0.0033000000000000004
50-59	6.1E-4
60-69	1.1999999999999999E-4
70-79	0.01213
80-89	0.005840000000000001
90-99	0.012320000000000001
100-109	0.005030000000000001
110-119	2.9E-4
120-129	0.0015999999999999999
130-139	0.00115
140-149	3.1999999999999997E-4
150-159	0.00291
160-169	4.5E-4
170-179	4.6E-4
180-189	0.00181
190-199	0.0014600000000000001
200-209	0.00224
210-219	0.00176
220-229	0.0020599999999999998
230-239	0.00124
240-249	0.00137
250-251	9.999999999999999E-5
>>END_MODULE
>>Sequence Length Distribution	pass
#Length	Count
251	1000000.0
>>END_MODULE
>>Sequence Duplication Levels	pass
#Total Duplicate Percentage	3.83209861791532
#Duplication Level	Relative count
1	100.0
2	3.3231689954907613
3	0.19051662102205955
4	0.020708328371962993
5	0.004659373883691673
6	0.0010354164185981498
7	0.0
8	0.0
9	5.177082092990749E-4
10++	0.0010354164185981498
>>END_MODULE
>>Overrepresented sequences	pass
>>END_MODULE
>>Kmer Content	warn
#Sequence	Count	Obs/Exp Overall	Obs/Exp Max	Max Obs/Exp Position
AAAAA	1523400	3.6559155	6.1976423	240-247
TTTTT	1245010	3.1731012	4.151293	8
>>END_MODULE
