##FastQC	0.11.2
>>Basic Statistics	pass
#Measure	Value
Filename	SRR1976948_2.fastq.gz
File type	Conventional base calls
Encoding	Sanger / Illumina 1.9
Total Sequences	1000000
Sequences flagged as poor quality	0
Sequence length	251
%GC	45
>>END_MODULE
>>Per base sequence quality	fail
#Base	Mean	Median	Lower Quartile	Upper Quartile	10th Percentile	90th Percentile
1	29.227635	30.0	30.0	30.0	28.0	32.0
2	29.497115	30.0	30.0	32.0	28.0	32.0
3	29.579246	30.0	30.0	32.0	28.0	32.0
4	29.613364	30.0	30.0	32.0	28.0	32.0
5	29.620804	30.0	30.0	32.0	28.0	32.0
6	31.206393	33.0	31.0	33.0	29.0	33.0
7	31.219287	33.0	31.0	33.0	29.0	33.0
8	31.200618	33.0	31.0	33.0	29.0	33.0
9	33.278454	35.0	33.0	35.0	31.0	35.0
10-14	33.271031	35.0	33.0	35.0	31.0	35.0
15-19	34.7660264	36.8	35.4	36.8	32.8	36.8
20-24	36.290155000000006	38.4	37.0	38.8	34.0	38.8
25-29	37.0178586	39.0	37.0	40.0	33.4	40.0
30-34	37.030801600000004	39.0	37.0	40.0	33.8	40.0
35-39	36.802637600000004	39.0	37.0	40.0	33.0	40.0
40-44	36.3724792	39.0	36.8	39.6	31.8	40.0
45-49	35.890407800000006	39.0	36.0	39.0	30.8	40.0
50-54	35.608178800000005	39.0	36.0	39.0	29.6	40.0
55-59	35.3110216	39.0	35.8	39.0	28.6	40.0
60-64	34.99063099999999	38.2	35.2	39.0	27.6	40.0
65-69	34.91865539999999	38.2	35.4	39.0	27.4	40.0
70-74	34.983714	39.0	35.4	39.0	27.0	40.0
75-79	34.744415	38.2	35.0	39.0	26.2	40.0
80-84	34.422416999999996	38.0	35.0	39.0	24.0	40.0
85-89	33.976966600000004	38.0	34.8	39.0	21.8	40.0
90-94	33.547773600000006	37.0	34.0	39.0	19.2	39.6
95-99	33.095481199999995	37.0	34.0	39.0	16.0	39.0
100-104	32.6131604	37.0	33.2	39.0	13.0	39.0
105-109	32.0930136	37.0	32.0	39.0	10.6	39.0
110-114	31.507750200000004	36.0	31.0	38.0	9.0	39.0
115-119	31.0185252	36.0	30.0	38.0	8.2	39.0
120-124	30.4645038	36.0	29.6	38.0	6.0	39.0
125-129	29.873834	35.8	28.2	38.0	2.0	38.4
130-134	30.108326599999998	35.8	29.2	38.0	2.0	38.0
135-139	30.085051999999997	36.0	29.6	38.0	2.0	38.0
140-144	29.644123999999998	36.0	28.4	38.0	2.0	38.0
145-149	29.116390600000006	35.6	26.4	38.0	2.0	38.0
150-154	28.6408032	35.0	25.0	37.8	2.0	38.0
155-159	28.146650799999996	34.2	24.8	37.0	2.0	38.0
160-164	27.543858	34.0	23.0	36.6	2.0	38.0
165-169	26.9471118	34.0	21.0	36.0	2.0	38.0
170-174	26.316959199999996	34.0	16.4	36.0	2.0	38.0
175-179	25.6927932	33.6	14.2	36.0	2.0	38.0
180-184	25.000990599999998	32.0	9.0	36.0	2.0	38.0
185-189	24.2649228	31.2	9.0	36.0	2.0	38.0
190-194	23.616076200000002	30.0	6.8	36.0	2.0	38.0
195-199	22.9248114	30.0	2.0	36.0	2.0	38.0
200-204	22.127667	29.6	2.0	36.0	2.0	38.0
205-209	21.386766400000003	25.8	2.0	35.0	2.0	37.6
210-214	20.549620599999997	25.0	2.0	34.0	2.0	36.4
215-219	19.668808000000002	25.0	2.0	34.0	2.0	36.0
220-224	18.7303256	23.2	2.0	34.0	2.0	36.0
225-229	17.793550000000003	17.2	2.0	34.0	2.0	36.0
230-234	16.854087	12.2	2.0	34.0	2.0	36.0
235-239	15.819356200000001	8.8	2.0	32.0	2.0	36.0
240-244	14.5035366	2.0	2.0	30.0	2.0	36.0
245-249	12.7706192	2.0	2.0	30.0	2.0	35.4
250-251	9.592573999999999	2.0	2.0	14.0	2.0	33.0
>>END_MODULE
>>Per sequence quality scores	pass
#Quality	Count
2	12045.0
3	1968.0
4	2736.0
5	3848.0
6	4975.0
7	6085.0
8	6639.0
9	8309.0
10	8586.0
11	9306.0
12	9775.0
13	10055.0
14	10107.0
15	10477.0
16	10966.0
17	11645.0
18	13321.0
19	14725.0
20	16527.0
21	18520.0
22	20536.0
23	22832.0
24	25234.0
25	27523.0
26	30373.0
27	33429.0
28	37010.0
29	41345.0
30	45947.0
31	52189.0
32	60620.0
33	71589.0
34	86355.0
35	102223.0
36	104043.0
37	47510.0
38	627.0
>>END_MODULE
>>Per base sequence content	warn
#Base	G	A	T	C
1	18.49588975775316	32.88384132842068	24.504877594321194	24.115391319504965
2	23.63043973934853	32.01390861197893	28.778866270115884	15.576785378556657
3	19.6306	28.9852	29.798799999999996	21.5854
4	20.315520315520317	28.334028334028332	28.582928582928584	22.76752276752277
5	21.273421273421274	28.80922880922881	28.767628767628768	21.14972114972115
6	21.4638	27.7241	28.459400000000002	22.3527
7	22.380479043832352	28.030724245793966	28.184325474603796	21.404471235769886
8	20.48626389011112	27.999123992991944	29.691637533100263	21.822974583796668
9	20.990556839466272	27.118161008737147	29.77290613940437	22.11837601239221
10-14	21.663523176158808	28.127846392319615	28.407340367018353	21.801290064503227
15-19	21.882222113329743	27.98244342063288	28.097287210477944	22.038047255559434
20-24	21.930637056706136	27.87082337368661	28.15351699951938	22.045022570087877
25-29	21.964095417001353	27.811970967834842	28.05406568719378	22.16986792797002
30-34	22.1105220081557	27.730868221482442	27.837374782286588	22.321234988075265
35-39	22.13075187438973	27.756891766808494	27.7889392851563	22.323417073645476
40-44	22.2334467059577	27.7398167339435	27.755111928189464	22.27162463190934
45-49	22.235729046171315	27.632799640280716	27.707193945312582	22.424277368235394
50-54	22.273043979673968	27.664908761097028	27.66158515831161	22.400462100917395
55-59	22.268590945292658	27.727781592291663	27.62577173761863	22.37785572479705
60-64	22.268721005496264	27.65463518166498	27.625268584095007	22.451375228743746
65-69	22.27903459193812	27.66497151597625	27.61798755927365	22.43800633281198
70-74	22.323453329573493	27.666054790660443	27.63541088586138	22.37508099390469
75-79	22.332200342863924	27.633621512225552	27.599904421469247	22.434273723441276
80-84	22.331424640576746	27.653542600033994	27.61221253355312	22.40282022583614
85-89	22.40694247965516	27.65300669883465	27.54812069046381	22.39193013104638
90-94	22.382698390878854	27.595920668896806	27.554902126591998	22.466478813632342
95-99	22.45071419524169	27.605501924775815	27.533593390507434	22.41019048947506
100-104	22.508600500298005	27.634390457703333	27.466709260002254	22.390299781996408
105-109	22.533954406287364	27.519772251874418	27.426867817992278	22.51940552384594
110-114	22.630554183255356	27.5676081926489	27.383705491127035	22.418132132968708
115-119	22.650232637734586	27.547477875919995	27.364225187796432	22.438064298548987
120-124	22.728832131122836	27.47626773156947	27.291727952816814	22.503172184490882
125-129	22.764987614601505	27.454627281860894	27.252084638298673	22.528300465238928
130-134	22.758742992831273	27.530380679000288	27.28701463302224	22.423861695146204
135-139	22.678330995778374	27.493734290638738	27.296970877451805	22.530963836131086
140-144	22.773763556014426	27.48467145327208	27.263731163462545	22.477833827250944
145-149	22.84537397355457	27.53816834817366	27.197624853422198	22.418832824849574
150-154	22.867257935118094	27.456394218862833	27.168106768142998	22.508241077876082
155-159	22.94512470183003	27.449091918013202	27.12410343599619	22.48167994416058
160-164	23.02635732117638	27.49673486982667	27.011309164389207	22.46559864460774
165-169	23.137152815352955	27.352045973583948	26.933428403549826	22.57737280751327
170-174	23.28314025038492	27.363403224490916	26.821038168960825	22.53241835616334
175-179	23.377124883470575	27.33485686619817	26.714876248357765	22.573142001973483
180-184	23.529020371688265	27.211412105571476	26.62097805507685	22.638589467663408
185-189	23.703215939504652	27.165374685287443	26.546470049303966	22.58493932590394
190-194	23.85493455924223	27.13964990963425	26.400107913762795	22.605307617360726
195-199	24.042795682027368	27.024971697780398	26.231346993229916	22.700885626962314
200-204	24.28289380057366	26.94739036402012	26.08210847442679	22.687607360979435
205-209	24.512127899681495	26.911309283991898	25.913696579012246	22.662866237314365
210-214	24.79233691659449	26.744800757667154	25.767937581436996	22.694924744301364
215-219	25.108797856828513	26.674152322610794	25.523889035404494	22.693160785156195
220-224	25.45797419191929	26.54955700603818	25.323422666941887	22.669046135100633
225-229	25.81951371702243	26.383659840366324	25.0969081369973	22.69991830561395
230-234	26.15971420882961	26.272402072863603	24.870636375858908	22.69724734244788
235-239	26.698765825416242	26.128013929672385	24.587655048253932	22.585565196657438
240-244	27.09847810678295	25.969889889825716	24.309963285923843	22.621668717467493
245-249	27.55526839065779	25.812965495134062	24.05818094393773	22.57358517027042
250-251	30.495943998064064	24.287412741222017	22.920281312329934	22.296361948383986
>>END_MODULE
>>Per sequence GC content	fail
#GC Content	Count
0	0.0
1	0.3333333333333333
2	3.3333333333333335
3	14.333333333333341
4	25.666666666666643
5	41.33333333333335
6	61.66666666666683
7	78.3333333333333
8	81.66666666666659
9	89.66666666666647
10	92.3333333333331
11	87.99999999999983
12	78.66666666666663
13	91.99999999999977
14	83.99999999999989
15	109.66666666666619
16	157.66666666666677
17	257.66666666666947
18	401.6666666666613
19	579.3333333333293
20	845.0000000000261
21	1249.6666666666617
22	1916.3333333331768
23	2891.666666666864
24	3915.0000000006626
25	5369.33333333292
26	7043.666666664731
27	8664.333333331211
28	10298.333333334183
29	11859.000000003689
30	13338.666666673047
31	14392.33333334163
32	14993.333333342724
33	15155.333333343018
34	15076.666666676208
35	14650.000000008766
36	13948.333333340823
37	13522.666666673382
38	12890.666666672232
39	12392.000000004658
40	12005.333333337288
41	11822.66666667029
42	11785.000000003554
43	11876.333333337054
44	11978.33333333724
45	12064.000000004062
46	12235.000000004373
47	12196.66666667097
48	11953.666666670528
49	11785.000000003554
50	11470.000000002981
51	10994.666666668783
52	10672.333333334864
53	10553.000000001313
54	10445.000000001117
55	10374.333333334322
56	10398.333333334365
57	10381.333333334334
58	10378.000000000995
59	10335.666666667585
60	9943.333333333538
61	9513.999999999423
62	8783.999999998096
63	7948.999999997241
64	6937.333333331494
65	6094.999999998927
66	5209.333333333066
67	4377.000000000489
68	3581.0000000005107
69	2949.3333333335568
70	2381.666666666632
71	1925.3333333331748
72	1513.6666666666017
73	1246.9999999999957
74	1040.333333333376
75	839.0000000000255
76	658.6666666666716
77	501.3333333333223
78	425.3333333333266
79	316.99999999999943
80	266.33333333333564
81	237.3333333333357
82	183.33333333333417
83	140.33333333333294
84	110.66666666666617
85	95.66666666666639
86	74.00000000000003
87	49.33333333333341
88	43.00000000000003
89	28.3333333333333
90	23.999999999999982
91	16.00000000000001
92	10.666666666666668
93	6.333333333333331
94	3.666666666666667
95	4.999999999999999
96	3.3333333333333335
97	3.3333333333333335
98	3.666666666666667
99	3.3333333333333335
100	15.5
>>END_MODULE
>>Per base N content	pass
#Base	N-Count
1	0.1762
2	0.0044
3	0.0
4	9.999999999999999E-5
5	9.999999999999999E-5
6	0.0
7	7.999999999999999E-4
8	7.999999999999999E-4
9	0.0017
10-14	0.005
15-19	0.0033000000000000004
20-24	0.00482
25-29	0.00608
30-34	0.0061600000000000005
35-39	0.02346
40-44	0.09934
45-49	0.09988
50-54	0.1084
55-59	0.20572
60-64	0.22677999999999998
65-69	0.22125999999999998
70-74	0.20853999999999998
75-79	0.22864
80-84	0.21792
85-89	0.21548
90-94	0.19147999999999998
95-99	0.20656
100-104	0.20348
105-109	0.19852
110-114	0.2081
115-119	0.19246
120-124	0.19496
125-129	0.18892
130-134	0.1915
135-139	0.19486
140-144	0.19927999999999998
145-149	0.20658
150-154	0.18296
155-159	0.19954
160-164	0.20306
165-169	0.20008
170-174	0.20006
175-179	0.19688000000000003
180-184	0.20562000000000002
185-189	0.19464
190-194	0.21662
195-199	0.21984
200-204	0.2198
205-209	0.2218
210-214	0.19891999999999999
215-219	0.20024
220-224	0.20179999999999998
225-229	0.18898
230-234	0.18446
235-239	0.1843
240-244	0.16907999999999998
245-249	0.1735
250-251	0.20345
>>END_MODULE
>>Sequence Length Distribution	pass
#Length	Count
251	1000000.0
>>END_MODULE
>>Sequence Duplication Levels	pass
#Total Deduplicated Percentage	98.12128279143468
#Duplication Level	Percentage of deduplicated	Percentage of total
1	98.19161298096654	96.34687025052526
2	1.7264371802512186	3.388004615701538
3	0.06847847330256254	0.20157586932139349
4	0.009668355276206528	0.037946856887388816
5	0.0	0.0
6	0.002165733817078018	0.012750274818989127
7	0.0	0.0
8	0.0016372763864027657	0.012852132745437122
9	0.0	0.0
>10	0.0	0.0
>50	0.0	0.0
>100	0.0	0.0
>500	0.0	0.0
>1k	0.0	0.0
>5k	0.0	0.0
>10k+	0.0	0.0
>>END_MODULE
>>Overrepresented sequences	pass
>>END_MODULE
>>Adapter Content	warn
#Position	Illumina Universal Adapter	Illumina Small RNA Adapter	Nextera Transposase Sequence
1	1.0E-4	0.0	0.0
2	1.0E-4	0.0	0.0
3	1.0E-4	1.0E-4	0.0
4	2.0E-4	1.0E-4	1.0E-4
5	3.0E-4	1.0E-4	1.0E-4
6	3.0E-4	1.0E-4	1.0E-4
7	3.0E-4	1.0E-4	1.0E-4
8	3.0E-4	1.0E-4	1.0E-4
9	3.0E-4	1.0E-4	2.0E-4
10-14	4.7999999999999996E-4	1.0E-4	2.0E-4
15-19	7.4E-4	1.0E-4	2.0E-4
20-24	8.399999999999999E-4	1.6E-4	2.3999999999999998E-4
25-29	9.0E-4	2.3999999999999998E-4	3.0E-4
30-34	0.00142	3.0E-4	3.1999999999999997E-4
35-39	0.00196	3.0E-4	4.0E-4
40-44	0.00248	3.0E-4	4.0E-4
45-49	0.0034200000000000003	3.8E-4	4.0E-4
50-54	0.00518	4.999999999999999E-4	4.0E-4
55-59	0.00746	6.0E-4	4.0E-4
60-64	0.012920000000000001	6.2E-4	4.0E-4
65-69	0.020439999999999996	7.8E-4	4.4E-4
70-74	0.03608	9.0E-4	5.0E-4
75-79	0.06114000000000001	9.0E-4	5.0E-4
80-84	0.09825999999999999	9.0E-4	5.0E-4
85-89	0.14652	9.0E-4	5.0E-4
90-94	0.209	9.0E-4	5.0E-4
95-99	0.28306	9.0E-4	5.6E-4
100-104	0.36648000000000003	9.0E-4	6.0E-4
105-109	0.45436	9.0E-4	6.0E-4
110-114	0.55372	9.0E-4	6.0E-4
115-119	0.66198	9.0E-4	6.0E-4
120-124	0.7773199999999999	9.0E-4	6.0E-4
125-129	0.9043800000000001	9.0E-4	6.0E-4
130-134	1.03628	9.0E-4	6.0E-4
135-139	1.1782599999999999	9.0E-4	6.0E-4
140-144	1.3401	9.0E-4	6.6E-4
145-149	1.5151800000000002	9.0E-4	7.0E-4
150-154	1.7061	9.0E-4	7.0E-4
155-159	1.9177	9.0E-4	7.0E-4
160-164	2.14752	9.0E-4	7.0E-4
165-169	2.3979	9.0E-4	7.0E-4
170-174	2.68236	9.8E-4	7.0E-4
175-179	2.9933199999999998	0.0011	7.0E-4
180-184	3.3372	0.0011	7.0E-4
185-189	3.71556	0.00116	7.0E-4
190-194	4.120839999999999	0.00124	7.0E-4
195-199	4.58102	0.00132	7.0E-4
200-204	5.071540000000001	0.0014	7.0E-4
205-209	5.61422	0.00146	7.0E-4
210-214	6.1994	0.0015	7.0E-4
215-219	6.846539999999999	0.0015400000000000001	7.0E-4
220-224	7.5251	0.0016	7.0E-4
225-229	8.24146	0.0016799999999999999	7.0E-4
230-234	9.00834	0.0016999999999999997	7.0E-4
235-239	9.82608	0.0016999999999999997	7.0E-4
>>END_MODULE
>>Kmer Content	fail
#Sequence	Count	PValue	Obs/Exp Max	Max Obs/Exp Position
TCGTGTG	445	0.0	41.29694	245
GCGTCGG	2320	0.0	13.201967	245
GAGCGTG	760	3.5144467E-4	12.896237	245
CGGAAGG	2245	0.0	12.551572	245
GTCGTGG	1115	6.324296E-5	10.987825	245
GGAAAGG	3465	0.0	9.900142	245
TCTCGGG	2920	3.6379788E-12	9.650095	245
AGATCTG	1530	1.4834113E-5	9.608961	245
AGAGCGG	2205	1.8228093E-8	9.445544	245
CGGGTAG	1655	3.747994E-5	8.883209	245
GTGGGCG	1955	0.0021468396	6.893385	245
CGTGTGG	370	0.009642828	6.621861	240-244
CGGTGGG	2280	0.0015089925	6.4481187	245
CCCACCC	2245	0.00909448	6.002926	245
GGGGGTG	3365	9.981489E-5	5.825343	245
CGGGGGG	11490	0.0	5.651223	245
AAGGGGG	4555	1.4725229E-6	5.648297	245
GGGTGGG	2840	0.0028169556	5.608047	245
GTCGGGG	2640	0.007748505	5.5688295	245
GGTGGGG	3605	2.681071E-4	5.437526	245
>>END_MODULE
