##FastQC	0.10.1
>>Basic Statistics	pass
#Measure	Value	
Filename	SRR1976948_2.fastq.gz	
File type	Conventional base calls	
Encoding	Sanger / Illumina 1.9	
Total Sequences	1000000	
Filtered Sequences	0	
Sequence length	251	
%GC	45	
>>END_MODULE
>>Per base sequence quality	fail
#Base	Mean	Median	Lower Quartile	Upper Quartile	10th Percentile	90th Percentile
1	29.227635	30.0	30.0	30.0	28.0	32.0
2	29.497115	30.0	30.0	32.0	28.0	32.0
3	29.579246	30.0	30.0	32.0	28.0	32.0
4	29.613364	30.0	30.0	32.0	28.0	32.0
5	29.620804	30.0	30.0	32.0	28.0	32.0
6	31.206393	33.0	31.0	33.0	29.0	33.0
7	31.219287	33.0	31.0	33.0	29.0	33.0
8	31.200618	33.0	31.0	33.0	29.0	33.0
9	33.278454	35.0	33.0	35.0	31.0	35.0
10-14	33.271031	35.0	33.0	35.0	31.0	35.0
15-19	34.7660264	36.8	35.4	36.8	32.8	36.8
20-24	36.290155000000006	38.4	37.0	38.8	34.0	38.8
25-29	37.0178586	39.0	37.0	40.0	33.4	40.0
30-34	37.030801600000004	39.0	37.0	40.0	33.8	40.0
35-39	36.802637600000004	39.0	37.0	40.0	33.0	40.0
40-44	36.3724792	39.0	36.8	39.6	31.8	40.0
45-49	35.890407800000006	39.0	36.0	39.0	30.8	40.0
50-59	35.4596002	39.0	35.9	39.0	29.1	40.0
60-69	34.9546432	38.2	35.3	39.0	27.5	40.0
70-79	34.8640645	38.6	35.2	39.0	26.6	40.0
80-89	34.1996918	38.0	34.9	39.0	22.9	40.0
90-99	33.321627400000004	37.0	34.0	39.0	17.6	39.3
100-109	32.353086999999995	37.0	32.6	39.0	11.8	39.0
110-119	31.263137699999998	36.0	30.5	38.0	8.6	39.0
120-129	30.1691689	35.9	28.9	38.0	4.0	38.7
130-139	30.096689299999998	35.9	29.4	38.0	2.0	38.0
140-149	29.3802573	35.8	27.4	38.0	2.0	38.0
150-159	28.393727000000002	34.6	24.9	37.4	2.0	38.0
160-169	27.245484899999997	34.0	22.0	36.3	2.0	38.0
170-179	26.0048762	33.8	15.3	36.0	2.0	38.0
180-189	24.6329567	31.6	9.0	36.0	2.0	38.0
190-199	23.2704438	30.0	4.4	36.0	2.0	38.0
200-209	21.757216700000004	27.7	2.0	35.5	2.0	37.8
210-219	20.109214299999998	25.0	2.0	34.0	2.0	36.2
220-229	18.261937800000002	20.2	2.0	34.0	2.0	36.0
230-239	16.336721599999997	10.5	2.0	33.0	2.0	36.0
240-249	13.6370779	2.0	2.0	30.0	2.0	35.7
250-251	9.592573999999999	2.0	2.0	14.0	2.0	33.0
>>END_MODULE
>>Per sequence quality scores	pass
#Quality	Count
2	12045.0
3	1968.0
4	2736.0
5	3848.0
6	4975.0
7	6085.0
8	6639.0
9	8309.0
10	8586.0
11	9306.0
12	9775.0
13	10055.0
14	10107.0
15	10477.0
16	10966.0
17	11645.0
18	13321.0
19	14725.0
20	16527.0
21	18520.0
22	20536.0
23	22832.0
24	25234.0
25	27523.0
26	30373.0
27	33429.0
28	37010.0
29	41345.0
30	45947.0
31	52189.0
32	60620.0
33	71589.0
34	86355.0
35	102223.0
36	104043.0
37	47510.0
38	627.0
>>END_MODULE
>>Per base sequence content	warn
#Base	G	A	T	C
1	18.49588975775316	32.88384132842068	24.504877594321194	24.115391319504965
2	23.63043973934853	32.01390861197893	28.778866270115884	15.576785378556657
3	19.6306	28.9852	29.798799999999996	21.5854
4	20.315520315520317	28.334028334028332	28.582928582928584	22.76752276752277
5	21.273421273421274	28.80922880922881	28.767628767628768	21.14972114972115
6	21.4638	27.7241	28.459400000000002	22.3527
7	22.380479043832352	28.030724245793966	28.184325474603796	21.404471235769886
8	20.48626389011112	27.999123992991944	29.691637533100263	21.822974583796668
9	20.990556839466272	27.118161008737147	29.77290613940437	22.11837601239221
10-14	21.663523176158808	28.127846392319615	28.407340367018353	21.801290064503227
15-19	21.882222113329743	27.98244342063288	28.097287210477944	22.038047255559434
20-24	21.930637056706136	27.87082337368661	28.15351699951938	22.045022570087877
25-29	21.964095417001353	27.811970967834842	28.05406568719378	22.16986792797002
30-34	22.1105220081557	27.730868221482442	27.837374782286588	22.321234988075265
35-39	22.13075187438973	27.756891766808494	27.7889392851563	22.323417073645476
40-44	22.2334467059577	27.7398167339435	27.755111928189464	22.27162463190934
45-49	22.235729046171315	27.632799640280716	27.707193945312582	22.424277368235394
50-59	22.270818547610876	27.69632985567132	27.643687175077176	22.38916442164063
60-69	22.273877941364244	27.65980349178229	27.62162797098059	22.444690595872874
70-79	22.3278263957184	27.649839784785563	27.617659441773775	22.404674377722262
80-89	22.369184021775187	27.653274646158227	27.58016622019917	22.39737511186742
90-99	22.41670372375101	27.600710934902644	27.54424856349106	22.438336777855287
100-109	22.521277768314313	27.577079930660624	27.44678804396838	22.454854257056684
110-119	22.640394181466643	27.557542245609508	27.373964576253318	22.42809899667053
120-129	22.74691041985988	27.465447179315976	27.271905695792505	22.51573670503164
130-139	22.718537671072976	27.512057793244992	27.291992671442696	22.47741186423934
140-149	22.809567455236913	27.511418922419267	27.23067921733574	22.448334405008083
150-159	22.906188084712014	27.452743371698375	27.146106929502672	22.494961614086943
160-169	23.081755895358274	27.424389341595855	26.97236820258595	22.52148656045992
170-179	23.330133315591453	27.349129817949684	26.767956362993633	22.55278050346523
180-189	23.616122946853537	27.188392129168104	26.58372200284429	22.611762921134066
190-199	23.94886360504529	27.082311728885948	26.315728814992962	22.653095851075804
200-209	24.397509701420734	26.92935000481062	25.997903370642376	22.675236923126263
210-219	24.950566340301975	26.70947677374504	25.6459141153915	22.694042770561488
220-229	25.638755564497473	26.46660309578886	25.21015812796623	22.684483211747434
230-239	26.429240233141865	26.20020794340605	24.7291455986548	22.64140622479728
240-249	27.32686819252698	25.89142942946974	24.184074901899464	22.597627476103817
250-251	30.495943998064064	24.287412741222017	22.920281312329934	22.296361948383986
>>END_MODULE
>>Per base GC content	warn
#Base	%GC
1	42.61128107725813
2	39.20722511790519
3	41.216
4	43.08304308304308
5	42.42314242314242
6	43.816500000000005
7	43.784950279602235
8	42.30923847390779
9	43.108932851858484
10-14	43.46481324066203
15-19	43.92026936888917
20-24	43.97565962679401
25-29	44.13396334497137
30-34	44.43175699623097
35-39	44.45416894803521
40-44	44.50507133786704
45-49	44.66000641440671
50-59	44.6599829692515
60-69	44.71856853723712
70-79	44.73250077344066
80-89	44.7665591336426
90-99	44.8550405016063
100-109	44.976132025370994
110-119	45.068493178137174
120-129	45.262647124891515
130-139	45.195949535312316
140-149	45.257901860245
150-159	45.40114969879895
160-169	45.60324245581819
170-179	45.88291381905668
180-189	46.22788586798761
190-199	46.601959456121094
200-209	47.072746624547
210-219	47.64460911086346
220-229	48.32323877624491
230-239	49.07064645793915
240-249	49.9244956686308
250-251	52.792305946448046
>>END_MODULE
>>Per sequence GC content	fail
#GC Content	Count
0	0.0
1	0.3333333333333333
2	3.3333333333333335
3	14.333333333333341
4	25.666666666666643
5	41.33333333333335
6	61.66666666666683
7	78.3333333333333
8	81.66666666666659
9	89.66666666666647
10	92.3333333333331
11	87.99999999999983
12	78.66666666666663
13	91.99999999999977
14	83.99999999999989
15	109.66666666666619
16	157.66666666666677
17	257.66666666666947
18	401.6666666666613
19	579.3333333333293
20	845.0000000000261
21	1249.6666666666617
22	1916.3333333331768
23	2891.666666666864
24	3915.0000000006626
25	5369.33333333292
26	7043.666666664731
27	8664.333333331211
28	10298.333333334183
29	11859.000000003689
30	13338.666666673047
31	14392.33333334163
32	14993.333333342724
33	15155.333333343018
34	15076.666666676208
35	14650.000000008766
36	13948.333333340823
37	13522.666666673382
38	12890.666666672232
39	12392.000000004658
40	12005.333333337288
41	11822.66666667029
42	11785.000000003554
43	11876.333333337054
44	11978.33333333724
45	12064.000000004062
46	12235.000000004373
47	12196.66666667097
48	11953.666666670528
49	11785.000000003554
50	11470.000000002981
51	10994.666666668783
52	10672.333333334864
53	10553.000000001313
54	10445.000000001117
55	10374.333333334322
56	10398.333333334365
57	10381.333333334334
58	10378.000000000995
59	10335.666666667585
60	9943.333333333538
61	9513.999999999423
62	8783.999999998096
63	7948.999999997241
64	6937.333333331494
65	6094.999999998927
66	5209.333333333066
67	4377.000000000489
68	3581.0000000005107
69	2949.3333333335568
70	2381.666666666632
71	1925.3333333331748
72	1513.6666666666017
73	1246.9999999999957
74	1040.333333333376
75	839.0000000000255
76	658.6666666666716
77	501.3333333333223
78	425.3333333333266
79	316.99999999999943
80	266.33333333333564
81	237.3333333333357
82	183.33333333333417
83	140.33333333333294
84	110.66666666666617
85	95.66666666666639
86	74.00000000000003
87	49.33333333333341
88	43.00000000000003
89	28.3333333333333
90	23.999999999999982
91	16.00000000000001
92	10.666666666666668
93	6.333333333333331
94	3.666666666666667
95	4.999999999999999
96	3.3333333333333335
97	3.3333333333333335
98	3.666666666666667
99	3.3333333333333335
100	15.5
>>END_MODULE
>>Per base N content	pass
#Base	N-Count
1	0.1762
2	0.0044
3	0.0
4	9.999999999999999E-5
5	9.999999999999999E-5
6	0.0
7	7.999999999999999E-4
8	7.999999999999999E-4
9	0.0017
10-14	0.005
15-19	0.0033000000000000004
20-24	0.00482
25-29	0.00608
30-34	0.0061600000000000005
35-39	0.02346
40-44	0.09934
45-49	0.09988
50-59	0.15705999999999998
60-69	0.22402
70-79	0.21859
80-89	0.2167
90-99	0.19902
100-109	0.201
110-119	0.20027999999999999
120-129	0.19194
130-139	0.19318
140-149	0.20293
150-159	0.19125
160-169	0.20157
170-179	0.19846999999999998
180-189	0.20013
190-199	0.21822999999999998
200-209	0.2208
210-219	0.19957999999999998
220-229	0.19539
230-239	0.18438000000000002
240-249	0.17129
250-251	0.20345
>>END_MODULE
>>Sequence Length Distribution	pass
#Length	Count
251	1000000.0
>>END_MODULE
>>Sequence Duplication Levels	pass
#Total Duplicate Percentage	3.573331739652285
#Duplication Level	Relative count
1	100.0
2	3.075643793448956
3	0.19626274416634817
4	0.0191097935109339
5	0.002582404528504581
6	0.0015494427171027488
7	0.0
8	5.164809057009162E-4
9	0.0
10++	5.164809057009162E-4
>>END_MODULE
>>Overrepresented sequences	pass
>>END_MODULE
>>Kmer Content	fail
#Sequence	Count	Obs/Exp Overall	Obs/Exp Max	Max Obs/Exp Position
GGGGG	1100375	6.571517	23.379585	240-247
CCCCC	661030	4.7139206	11.045358	240-247
AAAAA	1622005	4.304051	7.25235	240-247
TTTTT	1340165	3.8110087	4.51884	8
CGGGG	505080	3.1253042	8.077499	240-247
CCGGG	462745	2.9667506	5.8500285	240-247
CCCGG	439495	2.9194467	5.1772265	240-247
GGCGG	438430	2.712891	5.5525045	240-247
CCCCG	384040	2.6432018	5.0517774	240-247
GGGGC	419900	2.5982323	6.298634	240-247
GGGCG	357040	2.209271	5.268765	240-247
GCGGG	347730	2.151663	5.131194	240-247
>>END_MODULE
